7.852582
4.669345
8.656680
7.124996
1.394685
9.768413
7.730827
7.967611
1.717080
4.778666
4.022581
9.304267
6.616719
8.316236
4.712435
2.658768
5.768556
1.106264
8.362496
6.500812
7.701834
3.867997
9.721631
8.984651
7.894643
2.349068
4.933849
0.916136
1.965750
6.988965
7.575241
9.691342
3.595341
4.019367
4.960780
2.299978
1.734254
5.019197
2.655639
6.863233
4.652943
8.410443
7.152518
3.467483
8.406468
8.145262
4.181045
3.239117
6.983707
1.827649
2.399128
0.569942
7.975781
6.816083
7.199071
7.916926
4.859700
5.903041
1.828071
1.588036
6.849828
4.975414
5.869743
7.767489
6.529824
5.759004
5.812468
3.387526
0.792769
4.648815
2.538554
4.381022
8.607329
2.722425
1.053876
3.173147
3.289141
6.788207
5.791805
7.947033
6.810978
4.360675
8.233193
2.086243
0.715765
1.355455
7.362414
4.887834
2.032082
5.259925
1.946965
7.115044
4.738484
4.119702
3.364365
6.487685
3.937220
1.332674
1.621056
9.638028
9.131516
7.147218
3.025765
9.707175
7.898134
7.310457
4.768934
3.086295
1.415714
9.074723
4.829875
2.422452
3.406588
6.002586
2.179342
8.637836
7.705935
7.334898
4.604884
6.459434
6.048931
6.673542
1.302221
4.450171
0.895335
5.192913
3.633682
1.872980
1.482328
6.082623
2.120633
9.288641
6.020081
3.795263
6.113697
0.716637
9.606313
5.081882
7.935985
1.285935
5.123254
5.161716
9.409351
5.931417
4.998149
3.036269
3.649905
5.446388
4.669659
0.705315
8.349773
9.013527
1.832366
5.763343
1.531470
6.886281
3.171721
6.764515
7.406449
7.802151
1.523539
9.202112
2.687033
0.855419
5.771099
4.023762
8.383002
8.178389
3.512820
9.552545
3.263720
5.393043
2.931668
9.392414
2.063774
0.926651
4.633422
9.927567
8.970934
7.611776
8.962528
8.987743
5.429154
3.501326
7.834118
6.785782
4.049748
1.397433
7.594501
2.993375
9.399725
2.789221
1.666200
8.395571
1.956201
2.203049
6.194137
8.808339
2.366129
3.448075
7.885346
9.732351
5.257041
1.867026
0.632395
2.681732
1.752311
6.937757
1.657409
5.310134
7.095493
6.020608
2.397869
8.139183
7.296368
7.520348
1.745049
1.675661
9.311844
4.276993
3.359013
5.141549
6.797210
9.578421
3.221239
9.285680
0.736165
5.774382
6.522764
1.506025
1.833226
4.481586
9.679203
6.162404
9.363721
8.141429
4.940125
7.955253
0.669449
1.536868
8.379572
8.069762
2.710087
5.542311
6.257150
8.743520
6.229518
4.419430
4.054749
4.545880
6.693345
8.741161
4.812020
2.854476
2.748292
7.587136
8.257403
1.500142
1.132309
6.147120
1.888646
8.334310
3.448179
1.866783
9.249220
2.072551
3.204841
1.959327
1.597156
0.700906
1.026256
2.159094
1.007128
6.115866
6.966788
4.239490
3.520916
5.292999
8.812547
8.585751
0.913013
2.224235
2.749076
2.869182
5.926710
4.454493
0.967914
4.049335
5.475653
1.465883
8.417856
0.993638
9.285997
1.441575
8.513962
9.075205
9.805922
8.119246
7.905036
6.603591
7.900465
1.778246
5.592646
5.385117
8.646935
4.896594
4.158350
6.575851
3.031402
1.827800
5.039834
4.460449
2.709414
3.991362
3.980728
3.611208
4.104909
7.014562
3.320327
9.514151
9.205306
5.068649
3.619431
5.586630
8.561325
6.699580
8.141723
5.560862
6.512717
3.237478
7.481485
2.422844
7.100582
8.676831
1.754977
6.336607
1.403410
7.394299
1.302686
9.391428
1.805375
9.609363
8.108399
6.139979
7.934929
8.053591
9.487257
2.907142
6.105721
1.402967
6.353574
2.127267
5.867031
5.938090
4.926859
5.465002
7.757272
8.092825
5.175456
6.196138
9.346745
1.637469
1.612484
1.333236
6.749701
4.476779
7.856053
6.876698
3.669559
9.034482
7.744055
3.070082
3.959824
3.487180
1.997311
1.903942
9.393211
4.660089
4.141538
7.432014
5.753434
9.393330
7.912864
5.054011
4.075415
9.873000
7.318722
9.536349
1.625546
8.580070
6.552202
1.658256
6.088451
7.017915
0.616876
4.816020
8.341295
3.305911
4.856207
4.701984
3.368310
9.225198
7.922293
1.550590
9.971829
8.852400
3.197130
8.450518
1.510985
9.991495
6.824005
6.676188
1.359187
9.021817
0.775495
2.787867
1.858708
7.879295
2.382940
9.151063
6.734556
0.843546
0.551583
0.990750
6.256289
8.114078
2.766252
8.569384
1.043703
8.109157
9.314056
7.835030
7.132147
8.460812
0.881437
2.416930
1.686775
5.293045
7.579287
6.485113
8.585746
1.974523
7.478900
2.333894
3.072208
7.244095
9.811946
6.309664
1.017753
6.354935
0.902330
8.899384
7.240993
2.144715
1.371350
2.243566
9.810258
4.856326
7.948769
6.545879
5.937925
1.878737
9.487232
3.362755
5.991164
7.147871
6.667715
9.435647
1.910170
5.329351
4.338327
5.004603
1.632566
1.773899
3.141718
3.394694
4.565081
6.304382
6.528976
4.412203
4.383440
2.567471
6.088909
3.511889
0.842568
4.474801
5.004261
2.643132
5.938350
5.874833
7.169021
6.655510
6.698114
3.504035
7.980606
5.716872
4.598473
6.447119
3.926245
5.371023
7.498704
8.920828
9.250043
5.284513
5.442614
8.098769
3.487282
8.455132
5.194345
1.600639
1.184562
8.498936
1.027895
3.165809
3.674235
2.143447
3.481987
7.555579
0.639487
8.358148
8.637206
4.036485
1.959323
6.207984
1.636889
3.966734
9.605077
9.956912
7.834997
3.454134
7.032818
7.201361
4.184496
6.588442
0.601913
2.486048
5.488339
2.055637
2.076115
8.444891
9.896764
5.781710
8.471163
9.908056
1.845161
4.758333
4.229441
1.260468
7.675637
4.620901
4.958606
1.931393
2.218803
9.117484
0.924166
2.712097
3.274564
5.156877
6.071229
5.186255
1.299096
2.814841
8.514090
6.557093
6.666916
6.866931
7.747579
1.052031
3.982780
5.625511
3.715337
8.522550
5.084439
7.801962
8.594148
5.295519
9.140746
6.077677
8.577606
3.735613
5.238761
5.548405
1.497307
4.286249
9.214708
6.492906
2.186312
3.719129
2.320229
0.735820
9.310874
4.757970
3.421583
6.185534
0.569487
3.141210
7.178818
6.520813
9.827156
6.393398
5.036306
7.733609
9.081614
7.346611
9.650507
7.929049
8.734613
1.583989
7.457928
4.680843
5.754486
6.713973
9.713243
9.853492
3.238168
7.470658
7.624844
3.791682
1.676763
0.888996
7.884760
5.152148
9.862632
4.917248
9.790212
4.409972
8.039981
1.305783
5.776886
8.119568
9.284666
8.314539
0.851222
4.040672
0.962635
1.538182
6.915403
7.275953
7.850347
8.721837
7.524599
8.108280
0.965155
2.728084
6.408029
8.652190
0.542751
5.388979
6.934230
0.781269
4.312878
9.008532
6.880322
2.757755
8.601420
3.806298
8.606774
3.339965
6.108042
4.270931
3.110838
8.922297
2.282140
1.305710
3.748306
7.317572
8.170600
9.988062
3.315439
4.375449
1.799802
5.961283
9.977011
7.158370
6.154522
4.227506
9.195338
5.220708
1.776486
3.971095
1.138083
2.418801
0.667853
4.806159
6.528132
3.761278
4.493627
9.612488
7.643650
5.638138
3.203138
9.021469
2.733423
3.590756
9.136116
5.530650
7.552021
6.112075
6.707673
3.344141
2.793035
3.563677
1.976695
8.805986
3.190846
5.834149
8.023757
7.946329
4.664670
5.024445
9.949667
6.908676
8.239065
9.074263
7.982103
2.259204
5.840622
1.467994
6.702760
9.575820
5.370955
4.613239
0.840506
9.617858
1.478526
0.890251
2.837633
1.122539
4.823619
5.402834
3.469414
0.984125
1.560204
4.152792
1.075020
7.132802
2.466695
3.369680
4.244195
4.457791
0.515777
1.564669
8.696263
0.511714
5.327590
5.150269
3.664395
4.597607
7.915521
8.491435
2.973311
3.563659
2.803587
5.058702
6.990954
2.668402
3.641989
9.338654
0.961408
4.877311
7.259801
1.929313
0.950053
1.812951
9.228821
0.587968
2.289059
0.797193
1.550980
6.391418
2.795570
5.907515
6.106856
8.569635
0.545043
8.607010
6.381631
2.046063
7.842905
8.627170
2.915503
9.228540
4.817346
6.232533
9.854171
3.934593
8.225014
3.524792
8.092528
6.206972
2.555379
4.433248
3.517539
1.242030
0.783430
3.791547
0.680824
2.072134
7.389242
7.226867
7.516514
3.512955
8.955185
6.141390
1.697250
1.865327
7.084406
2.142967
5.319281
9.921858
0.538072
0.657508
9.934303
6.054069
1.705645
9.024371
8.863613
5.593904
6.407024
3.095278
0.979937
6.148392
3.300174
6.804400
8.444329
0.672525
6.159281
2.697165
8.801941
2.909813
6.302316
5.758638
4.263582
6.937397
7.394812
5.885909
7.705011
9.842463
4.483088
5.388539
0.618464
8.062271
5.442185
4.375634
1.393684
8.951736
4.252569
6.984525
1.919055
9.634722
2.195197
2.395649
8.660337
9.169536
2.515400
4.963109
7.468202
8.844475
4.101001
5.411685
7.546306
7.445792
7.938121
5.914371
1.493843
9.087747
8.722939
8.081925
1.448694
2.441775
7.564203
0.719831
9.802634
4.082874
7.333469
8.931926
4.248984
3.531759
6.283041
6.019399
4.386830
6.216860
9.386123
4.942583
2.369051
4.083457
4.244016
1.745533
2.047279
7.003340
3.725039
9.571535
2.814169
1.439783
7.658293
8.869843
3.142077
2.419837
2.264778
5.459117
4.949958
2.964679
0.929145
5.074168
9.613657
6.698932
5.207312
1.551575
2.898145
3.300353
7.765634
8.828753
9.065598
9.853402
9.832483
9.553492
1.182310
1.809039
3.392432
5.752533
1.421290
8.535071
6.359184
5.652462
2.070457
2.905927
2.022964
8.593365
6.050165
7.483729
3.312312
4.026900
4.346122
7.720142
7.837353
2.464729
9.444619
1.646226
9.013160
1.453759
3.013128
8.541546
2.205175
4.428895
4.773664
2.829960
7.247329
8.587679
8.808464
3.723560
5.543079
2.859861
2.825567
2.031914
9.430181
8.935894
7.884908
5.417784
5.160775
5.532584
5.597396
4.628349
1.751671
1.693807
9.546372
5.079292
9.555452
2.053980
5.766957
2.473314
2.905254
0.785519
1.630057
9.210060
3.554564
6.277227
4.917634
4.304287
5.552918
2.278770
9.891737
8.273925
7.545339
4.953213
1.952333
9.246325
3.743177
0.976014
3.752835
8.047341
6.415733
7.632967
8.039536
2.513569
9.275942
4.660901
6.570630
0.521933
9.937000
3.168516
1.089599
4.853489
1.725785
1.947104
6.506687
4.232810
9.257598
3.531987
7.398711
4.880445
6.769537
6.197106
4.991448
9.525580
3.755780
2.183737
6.941894
8.537072
0.882411
4.771511
8.978633
7.621377
9.922174
5.548431
6.769959
3.373563
9.501588
3.980187
7.515852
4.329832
5.837280
7.337934
5.334875
9.117320
4.483359
6.647182
3.752443
4.377488
4.680476
1.695167
1.371375
6.841154
6.727418
6.797642
0.687781
3.602195
2.379194
7.892438
8.675989
2.843464
6.844567
1.728947
3.113949
1.817218
3.193447
6.909997
9.148106
2.423963
5.649751
7.163216
9.552763
6.295575
2.923516
6.442042
3.544666
9.773220
4.296923
7.011563
0.720662
4.300584
8.813522
6.297161
4.717457
9.391406
8.612851
3.561049
5.673210
5.153330
6.505924
3.674057
2.819947
9.170382
9.276808
8.511567
9.792942
7.577419
7.764338
7.744606
5.065773
4.836296
2.782150
6.625782
3.248541
2.949180
6.066633
4.394833
2.579138
8.252532
8.675414
2.093145
0.571317
3.693235
8.076353
8.472152
1.814126
7.856191
1.599190
4.205595
9.986791
2.329613
1.962654
4.516603
6.386851
9.362557
9.817801
1.161586
1.810976
8.012011
3.071005
8.906066
6.802806
1.562526
8.409028
2.175386
4.523206
5.745757
5.257278
7.018548
6.700524
9.924399
9.994508
5.406364
1.404391
7.414511
9.778309
3.524101
4.881485
4.535381
0.988482
6.886512
3.856708
7.980907
8.405141
8.301692
4.458327
3.554684
7.613797
8.113199
5.166946
8.983794
1.867133
8.851153
1.412905
1.958493
5.571480
1.141426
1.001667
0.504928
4.645008
7.858927
0.830964
6.696447
8.319710
2.096008
1.895205
8.677609
8.319684
5.619947
8.282399
1.381183
4.247574
7.509077
2.945794
7.647125
5.289697
7.627527
4.914456
3.995091
2.582298
2.479604
7.639163
1.629648
1.316832
2.174768
2.165792
8.319523
4.285813
9.908690
1.803507
6.708628
4.762930
4.232723
8.813300
9.768159
8.792160
2.326856
2.597580
6.732702
3.246294
7.479889
5.880996
5.733634
8.371196
7.250062
0.752489
0.969862
6.214805
5.118824
2.971754
4.477233
7.700148
8.352809
5.831619
4.161010
3.071619
5.458225
3.490121
5.858904
6.928198
1.127753
0.510141
2.516633
8.997859
6.639762
2.133623
8.957508
4.964581
5.022871
9.387649
1.065124
2.544194
6.064827
2.357122
6.955507
2.533877
1.441991
2.466359
4.515973
2.173314
1.779574
8.672678
3.543773
3.927207
1.025069
3.895011
3.015668
6.299608
2.451208
8.939472
9.331833
1.448395
1.520328
1.595601
6.385908
1.658705
8.597632
7.665579
8.288184
5.497575
9.968433
0.919663
4.312017
3.577398
9.512133
5.980179
8.158814
2.118241
9.797025
5.237076
5.189885
9.723405
4.116958
4.276488
6.055151
1.716500
3.550313
2.335479
1.481193
8.728374
6.098646
3.907392
4.382359
4.599431
6.514917
9.304309
9.361406
4.219174
3.627993
4.784942
5.895375
4.887270
6.758157
5.766791
3.546798
3.784443
4.096632
1.399078
2.077595
7.369581
4.196419
2.538120
5.845388
7.677626
2.945513
8.354504
9.311296
6.175248
6.855003
0.999472
9.482439
4.228605
9.277054
6.000287
0.543879
0.866149
6.963979
5.845346
0.752058
7.562870
8.595381
5.215966
4.924695
0.551995
7.973172
3.641803
8.848254
4.044075
5.868240
3.068247
2.025589
7.861625
5.217609
5.596635
9.671452
9.654009
8.628600
2.282288
6.145591
8.842401
4.057407
1.460509
8.204147
5.076754
5.861731
9.830371
6.268508
4.537304
4.014852
4.467383
1.624791
8.050130
8.458310
3.201773
3.386068
8.806175
0.727718
5.444346
4.904919
7.056204
2.052221
6.849142
4.078973
6.377790
0.880903
4.886408
5.461383
2.536101
1.826425
2.290506
3.769340
1.419696
9.499538
4.347444
8.185211
9.756963
1.266985
6.690860
8.778386
6.525227
4.575748
4.595225
0.841039
5.578707
9.938659
9.607721
0.883793
7.205071
3.366766
9.078397
0.928590
9.390804
8.456019
1.616292
1.068331
8.429723
1.979698
5.581532
9.199576
5.890757
4.273716
4.727653
1.099613
9.703147
3.451215
2.298953
3.217449
9.661546
1.395718
8.739379
7.224517
8.385182
9.771027
8.500469
9.462132
1.705885
8.059992
5.683919
5.663208
9.039755
9.732137
7.195964
5.087914
4.835837
4.170244
3.935191
4.219315
1.352656
1.235643
7.908763
4.737692
9.341502
6.316100
0.834172
1.996472
2.455288
9.769492
2.577690
5.399679
9.393681
9.783331
2.745424
0.966618
1.959217
1.101621
2.353680
5.901412
9.168263
5.603580
6.446901
2.417739
8.105544
6.368995
8.709300
9.514009
3.805057
1.360501
2.646325
4.659495
9.484090
4.093943
7.822346
5.634529
2.236683
3.546974
6.705323
6.892107
4.630218
2.672133
7.358114
2.104294
9.398362
2.285084
1.519467
5.227653
5.435721
5.327833
4.648341
9.950742
5.119666
5.040493
4.506778
1.134845
6.133088
2.665694
6.557285
0.982918
9.823177
4.955548
9.019176
5.017831
1.073143
8.311028
6.657745
7.926692
4.567614
6.560399
8.634175
6.495121
3.802900
6.794031
6.882615
9.625576
4.023667
4.538277
8.215168
5.304742
7.497444
4.867240
2.547204
7.579436
1.745974
2.386545
6.454837
7.599063
8.999535
3.089572
1.551880
9.582443
1.967019
2.377836
3.267630
5.529218
8.886843
7.725187
7.227497
2.164215
3.897985
5.044847
1.900547
3.097582
3.429165
1.709124
5.727277
7.197768
1.164351
5.070670
7.931006
7.605906
8.243195
4.758286
8.295292
2.787154
3.927700
2.175378
4.941103
4.224570
2.788808
7.641917
3.481544
3.091641
1.743458
4.668806
3.378164
4.008092
2.741974
7.749977
9.335032
5.230352
6.608485
8.738136
9.988881
6.328407
8.952905
9.131779
8.018789
4.878848
1.270963
0.650153
5.033406
5.195988
4.369943
5.897590
5.745546
8.447824
1.532243
2.639188
8.033547
8.554450
9.950830
8.792665
8.954041
3.486305
4.315785
3.046808
6.259844
9.418651
3.774088
5.791517
3.314847
2.113100
2.354263
1.050481
9.518289
4.327356
8.424149
6.972630
2.323251
2.166891
8.213888
3.014761
9.176209
1.830526
6.938232
8.237502
2.734936
3.123970
9.662930
3.013677
4.584592
4.608898
2.903830
7.870015
7.832569
4.094021
8.433695
2.524212
0.540905
5.926090
9.943739
0.867121
2.475982
5.429689
8.194437
1.345899
4.254729
7.597220
4.029661
2.293946
2.357210
4.395463
5.054462
8.687237
6.601398
7.058818
9.838378
4.412513
4.331867
9.271796
2.835818
7.433245
7.668445
1.428986
4.948198
2.405344
2.261065
4.906367
3.249582
8.062574
9.122247
8.125846
3.027293
3.104277
2.919919
1.782862
9.466084
4.319454
2.634550
8.543375
4.292356
0.833610
2.038445
6.572878
7.937600
2.503877
9.215258
8.584473
8.559617
2.662781
0.980092
8.740523
3.405102
6.379705
7.719686
1.718786
7.917964
9.415859
7.419562
4.691616
8.828443
5.510848
7.575324
8.294806
7.618852
3.234621
1.619517
2.764216
5.277312
5.300131
6.035121
4.253468
7.975468
9.174961
2.843888
7.496971
6.940732
5.469360
2.291037
8.054707
9.625950
7.357445
9.219670
9.849760
3.844481
6.563124
5.002361
9.872973
1.391174
4.417562
8.817621
3.198488
7.984032
4.136440
9.809796
8.893534
3.362543
7.816834
3.700137
6.260447
6.755567
8.381156
0.732283
2.591500
7.263219
5.853471
5.208248
1.024495
3.808621
8.718452
0.793482
4.266144
9.478909
0.983367
7.622205
2.947320
8.732784
7.587646
8.914199
2.551286
5.547281
7.903064
2.834147
2.692090
0.758230
9.605895
7.245161
6.537823
7.567950
5.550323
5.023271
4.770556
6.584173
2.414582
8.936558
8.211648
3.820854
5.996789
1.839759
9.737289
9.077480
9.258026
3.655549
2.106780
2.511836
1.355013
1.641051
1.177393
9.903319
1.203548
1.759150
8.358918
6.012282
7.856964
6.493664
8.880663
6.565442
5.460188
7.271122
4.750231
3.787606
4.942698
2.112284
8.067431
2.976686
1.958550
2.840346
8.499666
3.636912
7.017474
8.635892
1.238574
7.767732
3.422822
2.557912
7.044564
9.143068
3.302682
5.903921
3.253424
5.765713
6.407689
6.298186
6.423690
1.783258
7.088634
6.910129
6.984587
1.203670
4.744969
4.385834
1.323759
2.612495
4.689145
7.557610
2.752090
8.382624
5.685084
7.724006
4.989282
5.242345
6.387334
9.315721
5.172220
5.522247
6.218971
7.506394
1.182578
5.399031
5.075120
9.256007
5.188313
4.949045
9.640900
4.780477
2.218402
2.560703
1.404282
0.505397
4.603484
7.807805
7.467931
0.805416
5.914837
1.965690
9.440225
2.089967
6.453073
3.599264
6.594832
4.416457
7.716609
2.691452
9.105022
5.251992
7.682885
8.572437
9.988872
2.627484
3.225478
2.879114
2.997278
6.033225
9.938464
9.907641
5.504346
6.570758
8.669720
9.362868
2.436676
5.521146
8.411952
3.380420
4.678186
9.863400
9.857944
9.108015
8.085259
3.056740
3.548076
5.699187
5.827385
5.302277
6.548368
4.379069
7.617155
3.668724
3.641432
1.708647
2.292766
8.579948
4.739682
2.664744
7.713740
5.762821
0.700982
3.505434
2.181513
6.730792
3.112795
1.116994
1.021882
6.026409
0.706373
8.563525
1.976273
6.262380
4.724536
4.707089
1.182073
8.126146
8.983998
0.604658
2.196740
9.087090
5.720189
1.925376
2.426509
6.769869
7.385760
6.194555
9.554910
5.193604
3.352583
5.033713
3.916830
2.631951
0.936651
3.846019
7.258389
0.675159
4.672196
6.618089
6.298839
7.878160
8.199937
7.261205
1.476578
5.012713
6.232357
2.832877
0.904242
2.624108
4.821497
4.432338
2.178336
8.331947
9.294024
2.412809
9.330943
0.669679
9.287144
9.543324
0.614493
7.748683
9.716915
9.106071
9.721746
5.728073
1.242483
8.572997
6.331368
6.339999
4.463909
5.932499
1.959008
7.527815
1.212664
7.432917
8.565295
4.988452
5.343389
3.466036
9.709857
7.464683
4.005391
2.160670
2.586006
4.907262
9.454400
7.474391
2.544816
8.665831
4.092905
8.591361
2.796146
6.377276
9.303370
2.949993
7.082803
9.879470
1.930684
1.339822
6.904854
3.727492
1.176823
5.015403
7.660821
3.208663
3.682945
8.534144
5.440683
