0.685464 -0.107221 0.905950
0.301589 -0.768202 0.770186
-0.021470 -0.716722 -0.694620
0.375068 -0.905255 -0.426812
-0.720425 -0.117845 -0.171292
0.043753 -0.440727 -0.935913
0.228772 -0.252564 0.302670
-0.782666 -0.972445 -0.503412
-0.086905 -0.211856 0.620605
-0.244325 0.060882 0.187031
-0.956337 0.030267 -0.310337
-0.157440 -0.799425 0.565641
0.884808 -0.955462 0.202746
0.527688 -0.430385 0.575111
0.264710 0.858325 0.962010
-0.915308 -0.110124 0.093976
-0.706514 -0.327428 0.975295
-0.967539 -0.094984 0.685309
-0.352197 -0.040403 0.956091
-0.050246 -0.738157 -0.896557
0.890833 -0.468381 0.008128
-0.818596 -0.152690 0.860211
0.004826 0.942270 -0.482329
0.009090 0.719062 -0.103495
-0.441025 0.710951 -0.220221
0.061447 0.953054 -0.627033
-0.397199 -0.937861 -0.216325
-0.599633 0.360070 -0.637357
0.349625 -0.473049 -0.289564
-0.302279 0.433504 -0.066981
-0.277402 0.705245 0.143901
-0.572338 0.800183 -0.314699
-0.922041 -0.010800 -0.752124
-0.523067 0.494222 -0.738496
0.613888 0.873815 0.213064
0.420718 0.427173 0.985616
-0.316923 -0.674287 0.038334
0.066500 -0.644175 0.226219
-0.971751 0.855337 -0.470851
-0.920880 -0.783501 -0.519502
-0.452188 -0.934380 -0.441290
-0.614117 -0.242758 -0.229665
-0.321985 -0.344152 -0.820537
-0.949590 -0.595771 0.513299
0.981620 0.857052 0.008439
0.063648 -0.370837 0.547879
0.529513 0.688545 0.791009
-0.131302 0.533751 0.612797
-0.383081 0.858485 -0.811317
0.988538 0.540181 -0.813458
0.312459 -0.931641 0.540374
0.598446 0.204820 0.713721
-0.804233 -0.448152 -0.171645
-0.915084 -0.103568 -0.469573
-0.214530 -0.149795 0.758823
-0.459318 0.787486 -0.148058
-0.344385 0.005024 -0.164513
-0.485255 0.005359 -0.696397
-0.296140 0.131580 -0.173184
0.647825 -0.486556 0.939543
0.569444 0.935186 0.676273
-0.715792 0.052920 -0.660043
0.636455 0.168324 -0.473101
0.859198 -0.769628 0.127725
0.442081 -0.882303 0.195712
0.631802 -0.864945 0.024486
-0.482886 0.325849 -0.762645
0.874103 0.789457 -0.628051
-0.353468 0.175270 0.436125
-0.114688 -0.687417 -0.791697
0.999531 -0.089296 0.745063
-0.035248 0.844715 -0.824481
-0.771962 0.859264 0.894986
-0.370565 -0.289670 -0.095100
-0.167677 -0.619910 0.796751
-0.493385 0.410545 -0.865689
-0.922497 0.307461 -0.321968
0.310919 -0.811958 0.899703
0.497029 0.752534 -0.727059
-0.359678 -0.263312 0.074345
-0.406263 -0.878739 -0.262243
-0.490901 -0.228157 -0.606081
-0.476207 0.253905 -0.223692
-0.309233 0.067811 0.543721
-0.242264 0.175039 0.932405
0.043960 0.819595 0.587345
-0.882563 -0.141802 0.396637
0.973424 -0.083247 -0.814429
0.124018 -0.746872 0.503039
0.015354 0.446863 0.738724
0.257896 0.224879 0.509141
0.684910 0.738108 -0.927140
0.112381 -0.567461 0.720692
0.296795 -0.159555 -0.623792
-0.321953 0.407555 -0.591281
-0.812834 0.776058 0.528421
-0.600410 -0.415377 0.944140
0.416369 0.221044 -0.384743
-0.401750 -0.920953 0.456964
-0.913650 -0.990285 0.458990
0.897748 0.513006 -0.056720
-0.027910 -0.127727 -0.350713
0.043428 -0.137698 0.196336
0.796240 0.990019 -0.842513
-0.230633 -0.638588 -0.295759
-0.425054 -0.650926 0.528152
-0.007423 0.838491 -0.934815
-0.866044 -0.193453 -0.839445
-0.474541 0.972059 -0.582081
-0.603765 0.147281 -0.004003
0.160877 -0.246529 0.653525
-0.722839 -0.143215 0.379524
0.736473 -0.260857 0.135491
-0.861720 -0.659362 -0.861724
0.455762 -0.423880 0.447491
-0.867203 0.725096 0.671060
-0.822143 -0.952487 -0.887422
0.707260 -0.530593 0.096547
-0.147512 0.591051 -0.022203
0.001322 0.978184 -0.699741
0.661408 -0.896501 -0.044702
0.772670 0.330428 0.370429
-0.473365 -0.162850 -0.266838
0.042886 -0.075544 -0.346203
-0.389039 -0.498294 -0.269906
-0.700117 0.744209 0.204239
-0.732427 0.387719 0.695333
-0.524929 -0.698799 -0.982765
-0.905499 0.524503 0.974373
-0.910239 0.496142 -0.856276
0.184266 0.512151 -0.281591
-0.978131 0.190379 0.982489
-0.484765 -0.621017 -0.752148
0.110511 0.192890 0.584542
0.506147 0.785083 0.611545
-0.505466 0.111755 -0.405176
-0.340429 0.863889 0.363792
0.949181 -0.166175 0.074875
-0.025769 -0.785426 -0.526596
0.055273 -0.865251 0.862924
-0.752313 -0.604039 0.530642
-0.806131 0.800556 0.451402
-0.862758 0.383694 0.263257
0.514699 0.656396 0.436701
0.172353 -0.355073 0.394547
0.913943 0.175044 0.328690
-0.125744 0.512242 0.995335
-0.679221 -0.595189 0.078876
-0.037249 0.143140 -0.901852
-0.191447 0.165957 0.170383
0.314668 0.440432 0.283094
0.580486 0.249521 0.075015
0.212393 -0.797613 -0.453687
0.054800 0.745974 0.358103
-0.819184 0.184550 -0.556524
0.468033 0.654882 0.186913
0.182725 -0.322817 -0.107500
0.728217 0.446641 0.039507
-0.263535 -0.899240 -0.713985
-0.613950 -0.253233 0.888287
0.010307 -0.530320 -0.788500
-0.323389 0.631461 -0.233314
0.545012 0.605410 -0.778358
0.217320 0.918192 -0.195724
-0.898112 0.846605 0.767333
0.044283 0.104506 -0.576518
0.638902 -0.002800 -0.932244
0.366030 0.900993 0.658301
-0.445604 -0.893350 0.880703
0.874125 0.064831 0.284635
-0.074800 -0.160469 -0.761103
-0.806494 -0.534536 0.673281
-0.708335 -0.546603 0.097228
-0.569738 -0.673587 0.126632
-0.263813 0.252319 0.824411
-0.698014 0.826867 0.804980
0.658175 0.262572 0.240293
0.278425 0.380991 -0.967036
0.916185 0.171208 0.562932
-0.245436 -0.975206 0.019469
0.014380 -0.126021 -0.320566
-0.500348 0.055090 -0.249444
0.939864 -0.654145 -0.360669
-0.412079 0.086618 -0.001439
0.287481 0.900004 -0.429558
0.385543 -0.949920 -0.475223
-0.072561 -0.938010 0.235339
0.356621 0.493463 0.033149
0.207889 -0.207869 -0.917494
-0.800096 0.309992 0.991111
-0.968394 0.115167 0.502017
0.653550 0.090410 0.239832
0.393450 0.717933 -0.755421
0.852364 -0.947965 0.672400
-0.846519 -0.610744 -0.992212
-0.109487 -0.331282 -0.668014
-0.097820 -0.195258 0.535322
0.786261 0.305135 -0.751179
-0.409218 0.826637 -0.822531
-0.186288 0.885009 0.901330
-0.177594 0.334794 -0.086509
0.506921 -0.936837 -0.711686
0.228398 -0.534895 0.332105
-0.297554 0.773291 0.638519
-0.014324 0.545790 -0.457724
-0.011480 -0.605036 0.721772
0.646135 0.804299 0.754954
0.919193 -0.543328 0.863649
0.142426 -0.155010 0.120748
-0.314795 -0.422894 -0.517371
-0.835144 -0.006870 0.775523
0.260304 0.041951 -0.142814
-0.071197 -0.581445 0.645872
-0.603234 0.433246 0.519970
0.149738 0.725853 -0.417899
0.763234 0.458821 0.597500
0.329159 0.692686 0.986198
-0.159674 0.627831 0.489160
-0.094260 0.853898 -0.211148
0.130932 -0.788115 -0.548450
0.681392 -0.206895 -0.211832
-0.508038 -0.016779 0.611634
0.790328 -0.859771 0.149641
-0.065453 0.228564 -0.105449
-0.202710 -0.056239 0.163998
0.001966 -0.055711 0.635671
0.491296 -0.317243 0.601154
0.707301 -0.693016 0.165365
-0.429376 0.478345 -0.522429
0.342807 -0.489751 0.022288
0.897293 -0.237385 0.751477
0.973889 0.749702 -0.668268
0.639316 -0.935701 -0.213396
0.741467 0.377504 0.065481
-0.224272 0.624594 0.419117
-0.063189 0.784969 -0.540104
-0.659217 0.285608 0.943989
-0.505487 -0.500659 -0.721002
0.721127 -0.547205 0.006357
0.981745 -0.975718 0.112972
0.024578 0.614895 -0.289437
-0.179317 -0.664124 0.481630
0.569418 -0.726673 -0.213086
0.785810 -0.994585 -0.402482
0.110085 -0.331812 -0.455910
-0.079925 -0.636954 0.059250
0.413392 0.150590 -0.813781
0.688817 -0.650044 0.529624
-0.278870 0.565523 -0.587454
-0.626676 -0.005948 -0.934128
-0.549405 0.448025 0.674767
-0.838429 0.764155 0.595034
0.739369 0.396857 0.348306
0.050186 0.305574 0.838219
-0.798956 -0.368471 -0.855090
0.889610 -0.109469 0.350689
0.682240 0.982000 -0.676435
0.599025 0.774846 -0.902249
0.508181 -0.290549 0.297194
0.028096 -0.480516 -0.729557
-0.766106 -0.793354 0.275580
-0.297178 -0.566733 0.383770
0.373699 0.078337 0.869916
-0.229172 0.671726 -0.849721
0.479662 0.976895 0.693196
0.159329 0.253532 -0.293421
0.358970 0.540791 0.996457
-0.015074 -0.877392 0.191716
-0.761952 -0.510470 -0.342440
0.462060 -0.632384 -0.668494
-0.910071 0.746480 0.387011
-0.920107 -0.943415 0.117349
-0.434931 0.193453 -0.130792
0.846625 -0.424382 0.358291
-0.891891 0.911721 0.961515
0.478149 -0.069575 -0.560013
0.625033 0.472708 -0.556092
-0.097569 -0.074402 0.652821
0.367689 0.286335 0.299655
-0.459060 -0.256577 -0.908675
0.573882 -0.134004 -0.123523
-0.509287 -0.581145 0.175644
-0.534894 -0.871582 0.535015
-0.247061 -0.239529 -0.137363
0.630090 -0.358326 0.516072
0.879090 0.321736 -0.136638
0.495579 -0.084205 -0.171145
0.050566 -0.364555 -0.791500
-0.170296 -0.752286 -0.179117
0.113867 0.861422 -0.927555
0.242917 -0.084530 -0.959478
-0.500904 -0.763030 -0.566412
-0.450860 -0.197387 0.058079
-0.998020 -0.676261 -0.812867
0.099347 -0.341850 0.096795
-0.556353 -0.951541 0.882734
-0.783384 -0.746283 -0.706906
0.962553 0.235320 0.220580
0.973396 -0.823122 0.949002
-0.591974 0.246143 -0.159833
-0.232096 0.862487 -0.701545
0.994138 -0.241750 0.297550
0.935813 -0.884798 0.845729
0.135623 0.408794 -0.701632
0.066775 0.347027 -0.087505
-0.690030 -0.511762 0.708786
-0.931058 0.417724 0.998780
-0.985034 -0.677909 0.348289
-0.880018 0.179580 0.368000
0.176293 -0.269631 0.394565
0.188589 -0.584726 0.126271
0.763814 0.333667 -0.056417
-0.356832 -0.828228 -0.510746
-0.977627 0.973252 -0.555035
0.629752 -0.662710 -0.432798
-0.163445 -0.351189 0.596702
0.915387 0.750589 -0.692844
0.553377 -0.704106 0.826762
0.035757 -0.327238 -0.685949
-0.976382 -0.504106 0.828040
0.594524 0.939587 -0.798477
0.184357 -0.485699 0.085883
-0.359090 -0.433069 0.147691
-0.633364 -0.061733 0.301625
-0.743636 0.861189 0.011449
0.639056 0.307811 0.420002
0.432262 0.750200 0.227211
-0.443566 -0.800981 0.212501
-0.867294 -0.517413 -0.878586
0.097775 -0.679324 0.220815
0.581730 0.643761 -0.380913
0.097909 0.126022 -0.054226
0.310228 -0.579826 0.958486
-0.803840 0.658442 0.188192
-0.510291 0.491350 -0.831038
0.548836 0.179970 -0.778499
-0.840989 0.501673 -0.414128
0.778604 0.524146 0.396380
-0.442788 0.417889 0.896295
-0.816880 -0.347675 -0.530655
-0.213500 0.484665 -0.051515
0.141461 -0.371690 -0.717421
-0.466133 0.719361 0.204834
-0.244023 0.579812 -0.871085
-0.492218 -0.539794 0.970729
0.412197 0.235572 -0.990030
-0.631380 0.271083 -0.240561
0.848561 0.529448 -0.105232
0.499030 0.950809 -0.078038
0.285052 0.837329 -0.502651
0.773116 -0.804911 0.296896
0.565676 0.229212 -0.008930
0.234694 -0.696673 -0.568859
-0.460201 0.195559 -0.116198
-0.511048 0.765619 -0.252156
-0.107937 -0.180598 -0.636114
0.463254 -0.103083 -0.967486
0.928027 0.631527 0.447119
0.738184 0.813614 -0.325021
0.221917 0.217616 -0.465401
-0.556095 -0.772186 0.318628
0.561838 0.521906 -0.367449
-0.589480 -0.092772 0.093627
0.838174 0.749646 0.832117
0.700525 0.929162 -0.069000
-0.905053 -0.832876 -0.219448
-0.484626 -0.660119 0.906408
-0.609161 0.918759 0.521678
0.281891 0.352038 -0.337051
0.292854 -0.626616 0.875411
-0.396413 -0.489627 0.422326
0.312897 -0.097402 0.264892
-0.681014 0.346657 -0.458779
-0.454328 -0.675640 -0.335246
-0.337498 -0.091642 -0.619161
-0.613985 0.083477 -0.742245
0.377794 0.887894 -0.146409
0.802211 -0.803367 -0.914085
0.442738 0.522043 0.686116
-0.886365 0.553814 -0.246923
-0.393325 -0.653952 0.992032
-0.872673 0.654016 0.278989
0.470161 0.423434 0.716869
-0.632416 -0.998351 0.197057
-0.292283 -0.752425 -0.627723
-0.336501 -0.859533 -0.886174
0.832053 -0.375795 0.964461
0.928734 -0.714857 0.429849
0.201610 0.381294 -0.807618
-0.622880 -0.846723 0.208268
0.973182 0.343969 0.421523
0.969170 0.356023 -0.919637
0.734011 -0.270643 -0.991273
0.014468 0.874030 -0.485339
-0.016974 -0.652446 -0.884615
-0.838910 0.454022 0.728149
-0.713402 -0.423363 -0.609941
-0.946288 0.106863 0.399844
0.295755 -0.223893 0.110020
-0.811801 -0.691393 0.863589
0.523015 0.845478 0.833361
0.298785 0.856477 -0.166592
-0.992768 -0.874858 -0.781025
-0.809293 -0.296595 0.402542
0.581298 0.180427 -0.707128
0.495803 -0.290396 -0.974013
-0.438823 -0.338799 -0.451509
0.623740 0.519853 0.391104
-0.721990 0.615668 0.354352
-0.610325 0.296188 -0.032977
-0.121300 -0.775754 0.036609
-0.800136 -0.671493 -0.734907
0.908217 -0.430271 -0.289591
-0.355839 0.796501 0.125932
0.838320 -0.400150 -0.770331
0.112437 -0.308926 0.603814
0.758847 -0.054853 0.942718
0.106026 -0.458159 -0.022049
-0.925379 0.608002 -0.797130
-0.382503 0.130633 -0.914050
-0.841366 0.392233 -0.856446
-0.045834 -0.322609 -0.543841
-0.622442 0.526823 0.903084
-0.719640 0.919362 0.189525
0.283321 0.419853 0.408238
0.639622 -0.033063 0.066717
-0.352346 -0.789485 0.329280
-0.932780 -0.448730 -0.811540
-0.618546 0.277462 0.256953
-0.157890 -0.819656 -0.133252
-0.294510 0.440918 0.158053
-0.016868 -0.026036 0.932594
0.512588 -0.006041 -0.041555
-0.947042 0.885019 -0.361652
-0.488122 0.998818 0.437379
-0.905272 -0.876229 -0.948997
0.199238 -0.856871 0.866777
0.873813 0.092108 0.233278
-0.416211 -0.872055 0.474921
-0.796428 -0.828885 -0.377554
-0.975069 -0.131929 0.415362
0.602698 0.208615 0.693748
-0.186996 0.697544 0.012947
-0.553928 0.888291 -0.450058
-0.947597 -0.514652 -0.266625
-0.297301 0.049335 0.766254
-0.415324 0.041541 -0.319722
0.643546 -0.684797 -0.792979
0.005991 0.343775 0.591050
0.179250 0.547700 -0.214580
-0.934265 -0.767801 -0.922555
-0.342113 -0.009017 -0.287365
0.121199 -0.038782 0.355886
0.333924 -0.363872 -0.307571
0.170296 0.192865 -0.370600
-0.339364 0.388090 0.294822
-0.729898 -0.117916 0.785412
-0.927389 0.710328 -0.673644
0.014497 -0.151327 -0.979741
0.830794 -0.090150 0.908537
-0.426512 0.732552 0.844779
0.113665 -0.594644 0.370495
0.097956 0.889059 -0.121456
-0.462973 -0.723426 0.397267
0.948219 -0.943312 0.480891
0.853861 -0.850437 -0.779660
0.383914 0.295927 -0.862345
0.668845 0.046848 0.814395
0.755982 0.625016 0.031798
-0.496579 0.011951 -0.798377
0.317692 -0.732046 0.022346
-0.891236 -0.400975 -0.535839
0.240063 0.573573 -0.885394
0.700567 0.721535 -0.315462
0.318008 -0.194774 -0.691618
0.057325 -0.827281 0.756944
0.848580 0.643226 0.125056
0.115197 0.969215 -0.504197
-0.848103 0.123882 -0.342429
-0.355322 -0.985829 0.192479
-0.471933 -0.624283 -0.919136
-0.271277 0.757938 -0.326658
0.358148 0.513094 -0.343798
0.643281 0.383759 0.118484
-0.998015 -0.929818 0.981732
0.564568 0.875131 0.804606
-0.959114 0.583695 -0.097709
0.579116 -0.986568 -0.423601
0.502648 0.586042 0.239429
-0.397488 -0.379275 0.933528
-0.121576 -0.105749 0.104666
-0.180995 0.105343 -0.135329
0.653430 0.818102 0.864220
0.128592 -0.115703 0.410480
0.676647 0.125964 0.399962
0.499459 0.352788 0.492267
-0.582709 -0.003251 0.176537
-0.995044 0.711925 0.220049
-0.741727 0.632714 0.434114
0.516599 -0.215915 0.708405
-0.171945 0.141018 -0.998715
0.289746 0.436352 0.134219
-0.006882 0.619873 0.362745
-0.443852 0.918147 0.414534
0.975878 0.942523 0.837819
0.510743 0.218859 -0.655659
0.086703 0.530753 0.041714
0.736478 -0.780688 -0.238119
0.011929 -0.135349 -0.782827
-0.692943 0.675235 -0.031231
-0.902555 -0.967017 -0.053049
-0.671243 0.410252 0.590647
-0.543407 0.184354 -0.691111
-0.392835 0.777591 0.088196
0.771777 -0.549504 -0.339951
-0.058096 -0.039840 0.995296
-0.771109 0.703930 0.727364
0.106397 -0.311926 0.038452
-0.415065 0.598215 -0.003442
0.851684 0.245383 0.028639
0.422139 0.007866 0.809013
-0.631108 0.946697 0.624381
0.721467 -0.034184 0.674403
-0.386452 0.523896 -0.719100
-0.385896 -0.108535 -0.355361
-0.225966 0.640209 -0.486648
0.490562 -0.852576 0.531478
0.584046 -0.196602 0.444956
0.830277 0.601426 -0.219107
-0.031573 0.558715 -0.414811
0.607765 -0.343858 0.611981
-0.826399 -0.911205 0.995351
0.738914 0.765695 0.902560
-0.123367 -0.426329 -0.739950
0.002418 -0.559903 0.871102
-0.991994 -0.713607 -0.507048
-0.602087 -0.548443 0.312095
-0.344976 0.230049 0.780516
0.205114 0.389066 -0.268993
-0.680523 -0.358832 0.928565
0.243623 -0.444978 -0.098169
0.671026 0.336887 0.121306
0.770326 0.344879 0.285459
-0.620464 -0.787223 0.930284
0.197717 -0.168633 0.178042
-0.876376 0.644255 -0.566709
0.609092 0.068757 -0.446856
-0.939580 0.631667 -0.647080
-0.896390 0.511755 -0.299914
-0.221332 -0.505865 0.718357
-0.405341 -0.579615 -0.381501
-0.593701 -0.364690 -0.834128
-0.682940 -0.165894 0.758934
-0.885419 -0.574651 0.816691
0.780029 0.358902 -0.519053
-0.160379 -0.577558 -0.742823
-0.240003 0.151643 -0.280135
0.221649 -0.407491 -0.308299
0.581347 0.756629 -0.355932
0.143032 -0.443675 -0.893331
0.475714 -0.657993 -0.148575
-0.025909 -0.631057 -0.810889
-0.303974 0.904572 0.230271
-0.237180 -0.922178 0.200547
-0.815485 0.085088 0.503901
-0.152829 -0.401177 -0.905232
-0.950444 -0.139947 0.766691
-0.511874 0.148111 0.368612
-0.878340 -0.693799 -0.337446
0.340186 -0.121930 0.468390
0.735196 0.516745 0.984494
0.508722 0.704358 0.664733
0.460532 0.603604 0.869366
-0.049585 0.276574 0.029879
0.702074 -0.137281 0.639454
0.598709 0.923772 -0.502159
0.419239 0.513839 0.872557
0.813805 0.147052 0.158306
-0.665418 0.949925 -0.489965
0.449472 0.591590 -0.117569
-0.577613 -0.622079 0.712992
0.021513 -0.819726 0.434039
-0.499658 0.752789 -0.380856
-0.599458 -0.830283 0.023062
-0.098525 0.502624 -0.070795
-0.312368 -0.476690 -0.443707
0.855696 -0.669843 0.976353
-0.346161 -0.823220 -0.502619
-0.883171 0.580060 0.025106
-0.326027 0.324099 0.261293
0.879744 0.922521 0.361368
0.635632 0.584850 -0.017393
0.408917 -0.843482 0.516042
0.923666 -0.830050 0.672232
0.865960 -0.547622 0.049622
0.855716 0.920452 -0.744235
-0.301992 0.396289 -0.556883
-0.350459 -0.953418 -0.692957
0.124659 0.306180 0.297824
0.556721 -0.169437 -0.453019
-0.968839 -0.586740 -0.375224
-0.643586 -0.959711 -0.685105
0.332199 0.259171 0.871367
0.596337 0.135512 -0.724887
0.128144 -0.876810 -0.138230
-0.219483 -0.144372 -0.440348
0.371661 0.681889 0.537034
0.255504 0.076690 -0.937832
0.445868 0.089966 -0.458518
-0.344316 0.871214 0.248724
-0.048175 0.241843 -0.172515
-0.059635 -0.419381 -0.120293
0.371184 -0.920116 0.590055
-0.434041 0.365120 0.285451
0.305256 0.216258 0.918204
0.016688 0.464638 0.410899
-0.527465 -0.433388 -0.151966
-0.444604 -0.266514 -0.218079
0.207729 -0.560220 0.608584
-0.124927 0.412488 -0.837115
-0.060069 -0.943561 0.351820
-0.312580 0.898506 -0.351752
0.127612 -0.485225 0.240225
-0.065915 -0.258743 -0.592621
-0.776957 -0.760242 0.998080
-0.175379 -0.996141 0.905858
-0.960040 -0.162828 0.434955
0.829198 0.425773 -0.072748
0.948884 -0.921361 0.973784
0.698783 0.857860 -0.490455
-0.715084 0.326631 0.031719
0.046336 0.849238 0.240162
-0.377872 -0.199867 -0.733008
-0.615372 -0.713300 0.620583
0.409747 0.060690 -0.251264
0.336989 0.625811 0.762466
0.094032 0.639770 0.022612
-0.050940 0.730864 -0.227252
-0.208175 -0.390177 0.037403
0.089700 0.320922 -0.138995
-0.564325 0.733684 -0.307998
0.845887 -0.585293 0.120115
0.073230 0.657296 -0.722297
0.819874 0.062856 0.172219
0.020333 -0.927950 -0.005819
-0.472901 -0.314624 0.298203
-0.004606 -0.813564 -0.853917
-0.628685 -0.618230 0.216602
-0.644371 0.763439 -0.580479
-0.817737 0.751492 -0.409345
-0.149155 0.918053 0.888738
0.429834 -0.862122 0.186680
0.978156 0.893832 -0.787995
-0.208065 -0.368926 -0.740544
0.389597 -0.452303 -0.310268
-0.819282 -0.004065 -0.683664
-0.135819 -0.713316 0.907700
-0.710035 0.043774 -0.606040
-0.847276 -0.595383 -0.890452
-0.721205 -0.013032 0.303631
-0.825320 -0.117963 0.162494
-0.531549 -0.255843 -0.856330
-0.559738 -0.066494 0.980884
0.992530 0.959243 -0.153827
-0.838639 -0.352853 -0.524571
-0.971747 -0.809533 -0.093616
-0.320675 -0.639293 0.432200
-0.285769 0.703736 -0.518046
0.076787 -0.631722 -0.009399
-0.695067 -0.676843 0.224447
-0.472428 -0.655266 0.859537
-0.913993 0.130296 0.096528
-0.498782 -0.094457 -0.824524
0.442540 -0.556606 -0.613229
-0.370243 0.804740 0.592933
0.893785 0.303925 0.325843
-0.039938 0.810373 0.021754
-0.289880 0.280750 0.092279
-0.751960 -0.214549 -0.373349
0.693668 -0.242315 0.643110
-0.115221 0.507001 -0.729436
0.849300 -0.038880 -0.480404
-0.517021 -0.469845 -0.266552
0.435039 0.899206 0.338075
0.094333 -0.102804 0.656389
0.699314 -0.413925 0.906841
-0.209769 0.600156 0.933640
0.407316 -0.676899 0.172274
-0.762446 0.578284 -0.437370
0.390430 0.820179 -0.637980
-0.214284 0.294238 -0.160683
-0.650362 -0.941857 -0.186804
0.298418 0.147968 -0.687518
-0.098613 -0.261058 -0.451595
0.458542 -0.380696 0.080284
0.846447 0.078552 0.234046
-0.853508 -0.643732 -0.798098
0.529626 0.671842 -0.627089
-0.561457 -0.353585 0.182155
0.243592 0.373508 0.810386
-0.409920 0.317518 0.119446
-0.388326 0.814830 -0.809033
0.424002 0.455747 0.830653
0.037161 -0.356755 0.655481
0.541621 0.000631 0.535715
-0.464249 0.179013 0.730367
-0.364031 -0.032900 0.902090
0.596424 0.774078 -0.229506
0.993011 -0.694869 0.037541
-0.041453 0.596864 0.817236
0.462279 0.253632 -0.145142
0.020652 0.018601 -0.959263
0.006092 0.711942 0.418548
0.591417 -0.219030 0.057946
-0.933033 -0.234004 -0.051168
-0.489582 -0.937518 0.380816
-0.129825 -0.168644 -0.500026
0.075661 -0.123946 -0.052031
0.161743 -0.987351 0.815392
-0.857825 -0.098151 -0.585254
0.047565 -0.439540 0.720013
-0.207280 0.277511 -0.502241
-0.961188 -0.191691 0.072973
-0.080906 0.924029 0.413678
0.991340 -0.409880 0.578107
0.111117 0.223521 0.971706
0.307974 0.797634 0.451500
-0.745228 0.398847 -0.031369
0.837596 0.613669 -0.791731
-0.732169 -0.860778 -0.013510
-0.838456 0.447357 0.104717
0.671770 -0.440408 0.038282
-0.765041 0.769220 -0.649990
-0.795276 -0.589899 0.612463
-0.788371 0.228855 0.492363
0.502162 -0.619878 -0.876752
-0.102387 -0.595029 0.398542
-0.286614 -0.101292 -0.773030
0.135101 -0.628952 0.357971
-0.857662 0.951789 0.369054
-0.636541 -0.971811 -0.331074
-0.694373 -0.563177 0.745501
0.206409 -0.647085 0.113319
-0.488439 0.952402 -0.934486
0.464637 0.545994 -0.865674
-0.656261 -0.231387 0.736310
0.074000 0.310614 0.566026
0.656246 -0.047431 0.017586
0.436012 -0.473315 0.708979
-0.958426 -0.608457 0.600400
-0.319484 -0.700334 -0.626490
0.061513 0.692363 -0.858699
-0.939038 -0.069664 0.912375
-0.441980 0.918341 0.775362
-0.433730 0.633896 0.371735
0.023645 -0.154168 0.631006
0.586159 0.513873 0.996512
-0.042975 0.613846 0.724957
-0.576795 -0.915867 -0.190503
0.713473 -0.421793 0.400020
-0.985304 -0.289271 0.231033
-0.740486 0.793214 -0.687452
0.819587 -0.567221 0.988557
0.209497 -0.831310 -0.869446
-0.850157 0.179785 0.619158
-0.194075 -0.110328 0.178575
0.066081 0.376123 -0.056429
0.427721 0.994621 -0.299404
-0.975569 -0.748750 0.107028
-0.311484 0.879965 0.254892
0.040710 0.596079 -0.482820
0.639477 -0.993878 0.239355
0.869514 0.575720 0.707268
-0.206091 0.648478 0.101663
0.237080 -0.882169 -0.596897
0.101929 -0.882398 0.482894
0.680114 0.840725 -0.796463
0.879440 -0.864760 -0.051888
0.680502 -0.859378 -0.963538
-0.950105 0.022540 0.623194
-0.745147 -0.750780 0.137094
-0.531409 0.460427 0.899271
0.532067 0.754351 0.039172
0.664639 -0.634194 -0.863304
0.311906 -0.896095 0.784963
0.383108 0.904401 -0.372227
-0.027683 0.483381 -0.514442
0.083698 0.318935 0.957617
0.489407 -0.763738 -0.049333
0.177542 -0.706754 -0.136068
-0.431988 -0.762345 0.024084
-0.668734 0.181075 -0.660606
0.447190 -0.609517 0.792570
-0.947581 0.043995 -0.359790
-0.549847 -0.056794 0.684039
0.830554 -0.393503 -0.691513
0.440281 0.163997 -0.597968
0.520592 0.037861 0.306790
-0.281322 -0.121805 -0.639316
0.513032 -0.685977 0.556605
0.596016 0.493202 -0.961154
-0.453734 -0.063325 0.191089
0.838444 -0.248788 0.750047
-0.673141 -0.257439 -0.895436
0.484979 -0.698694 -0.485960
0.550466 0.069433 -0.972055
-0.995530 0.021321 -0.390089
-0.639377 0.227188 -0.543127
0.184414 -0.241468 -0.626508
-0.723791 -0.526279 -0.940336
-0.383746 0.803909 0.662724
-0.255992 0.151667 0.134721
0.657475 -0.527420 -0.407225
-0.396429 -0.918260 -0.370624
0.755828 0.823975 -0.780729
-0.083883 -0.237302 -0.021282
0.109439 -0.959482 0.684484
0.947328 0.306810 0.320904
0.055960 -0.331453 -0.702044
0.168127 -0.910117 0.649005
-0.158177 -0.170492 -0.345658
0.938708 -0.650166 -0.697384
-0.668937 0.317055 0.983791
-0.529050 0.811235 -0.442767
0.295800 -0.919002 -0.008692
0.309140 0.072640 -0.524329
0.656994 0.940273 -0.081608
0.271839 0.580827 -0.517022
0.728901 -0.439598 0.551662
-0.775802 -0.423227 0.067240
0.049844 0.700862 0.992254
-0.785578 -0.457224 -0.284804
-0.042163 -0.012181 0.712390
0.541119 -0.962297 -0.089956
0.236148 -0.079209 -0.738710
-0.205052 -0.176689 -0.624568
0.512614 -0.357199 0.177975
0.031460 0.754854 -0.755970
-0.771474 -0.399361 -0.137570
-0.402916 0.526374 -0.509468
-0.830451 -0.172400 0.546759
0.701124 0.466690 0.115773
0.448383 0.362779 -0.531267
0.101518 0.541219 -0.365759
0.307946 -0.037039 0.006318
-0.819890 0.332434 0.731374
-0.717137 -0.267789 -0.902665
-0.940736 0.979317 -0.013057
-0.288962 -0.450246 0.960025
-0.495498 0.451417 -0.432484
-0.859021 0.366553 -0.996738
0.351497 -0.499247 0.492208
0.539500 0.448214 -0.951033
0.407473 0.980291 -0.514749
-0.451523 0.627053 -0.679206
0.321167 0.510053 -0.925679
0.107524 0.151755 -0.393114
0.752689 -0.674501 -0.271611
0.697337 -0.618715 0.642748
-0.841862 -0.021542 -0.849339
0.355807 0.581203 0.699717
0.962524 0.344031 0.538124
0.011517 0.825474 0.287517
0.767103 -0.529096 -0.006524
0.459638 -0.594557 -0.577320
0.956086 -0.130779 -0.636369
-0.337072 -0.205248 0.246171
0.846029 0.973180 0.303398
0.399845 -0.356342 0.714317
-0.564403 -0.787239 0.946512
0.728277 -0.392710 0.350341
-0.065963 -0.353744 -0.426452
-0.727945 0.098636 -0.106807
0.024373 -0.569286 0.877221
0.277182 0.799201 -0.781458
0.245702 0.698924 -0.338158
-0.609714 -0.469957 -0.454133
-0.105602 -0.348073 -0.457452
0.297025 -0.893935 -0.319272
0.379504 -0.648301 -0.558144
-0.598667 -0.998148 -0.052464
-0.922082 -0.454120 0.989607
0.836792 -0.569848 -0.379995
-0.072591 0.688827 0.605292
-0.747517 -0.751102 -0.166535
0.740191 0.764170 -0.785268
0.148595 -0.688650 0.372259
0.832866 -0.090461 -0.833834
0.158508 -0.182967 0.621798
-0.319311 0.749794 -0.452599
-0.684965 -0.387039 -0.930168
-0.437508 0.320235 -0.715434
-0.777270 -0.735229 -0.844897
0.749271 0.888230 -0.906878
0.520144 0.474303 0.993819
-0.304259 -0.428982 -0.093836
0.713150 0.457187 -0.056752
-0.510874 0.454031 0.709054
-0.200098 0.337171 -0.199576
-0.043013 0.049821 0.551452
0.955012 -0.111268 -0.315370
-0.252818 -0.732222 -0.406123
-0.827105 -0.144211 -0.665285
-0.307187 0.587156 -0.508145
0.223789 0.802363 0.133858
-0.612415 -0.310468 0.180738
0.013222 -0.702760 -0.106407
0.086133 -0.465335 0.224891
-0.859680 -0.326786 0.608554
-0.481430 0.210354 -0.179941
-0.367080 0.832263 -0.313477
-0.526648 0.818603 0.491889
0.363599 -0.900930 -0.737590
0.276680 -0.581134 -0.548724
0.558277 -0.428150 -0.856825
-0.927136 -0.113644 0.234257
0.737770 -0.778391 -0.606654
0.059601 -0.271783 -0.034925
0.848249 0.089783 -0.169759
0.978880 -0.869569 0.864227
0.003324 0.007513 0.843929
0.014648 -0.123186 -0.455023
0.317634 0.139290 -0.571309
0.418826 0.288174 -0.205332
-0.991198 -0.106838 -0.987884
-0.850003 -0.138780 -0.836160
-0.448669 0.310983 -0.382769
0.995297 0.832604 0.170620
0.933894 0.736035 -0.362203
0.499193 -0.726336 0.369103
-0.017836 -0.966348 -0.451540
0.910764 -0.368337 -0.637091
-0.624937 -0.041573 0.685299
0.516004 -0.126296 -0.582546
-0.907870 -0.074739 0.629551
0.459364 -0.182798 0.189405
-0.127507 0.158032 0.035010
0.361933 0.015418 0.881222
-0.143944 -0.968167 -0.527253
0.001214 0.081144 0.104770
0.429104 -0.450704 0.329807
0.408065 -0.177438 -0.195662
-0.642150 -0.172025 0.573633
0.817946 0.187226 -0.401259
0.364579 0.480292 -0.335574
0.653096 -0.852608 -0.978493
-0.754058 -0.687983 0.757858
-0.150037 -0.450137 -0.141850
-0.210318 -0.397077 -0.724201
0.311831 -0.726791 0.550849
-0.596624 0.462743 0.611172
-0.749348 -0.826508 0.899146
-0.073906 0.260471 -0.953479
-0.442580 0.010795 0.772437
-0.457121 0.550383 0.324426
-0.769458 -0.413250 -0.524272
-0.114945 0.270668 -0.133160
-0.510927 0.391758 0.168942
0.038628 0.108839 -0.556199
0.360862 -0.224999 -0.273064
-0.700532 0.193675 0.205329
-0.319399 0.719700 0.690916
-0.781891 0.390077 -0.212330
0.999430 -0.549953 -0.438952
-0.115787 -0.462570 0.383987
-0.038184 -0.558242 0.012748
0.777576 0.584791 -0.002342
-0.423015 -0.640227 0.756766
0.420334 0.144327 0.758869
-0.756619 0.364979 -0.566575
-0.758845 -0.068783 -0.225214
0.882347 -0.352041 0.629804
0.497654 0.335848 0.840801
-0.184151 -0.220658 -0.678105
-0.448476 0.759553 -0.051236
-0.317293 -0.567776 -0.030079
0.433331 -0.426616 0.515433
0.259576 0.575125 -0.498181
0.262056 -0.692529 -0.272406
0.448720 0.263337 -0.624279
0.716685 -0.893298 0.190431
0.967641 0.063009 0.601344
0.190362 0.566177 0.311188
0.382264 -0.544378 0.483642
-0.524180 0.961281 -0.544426
-0.526632 0.717346 -0.514028
-0.278194 0.429280 -0.682503
-0.681857 -0.027283 -0.512607
-0.528684 -0.981522 -0.259101
-0.363499 -0.937688 0.242466
0.253310 -0.858399 -0.365917
0.745611 0.164334 -0.176051
-0.069796 -0.583440 0.623763
0.828009 0.821328 -0.552131
-0.378519 -0.678754 -0.385598
-0.334389 0.266211 -0.620707
0.838794 -0.793801 -0.986244
0.709890 0.407540 -0.289280
0.190999 -0.552912 -0.663221
-0.057702 -0.293624 0.230460
-0.563702 0.325855 0.533723
-0.666728 -0.912283 -0.120825
0.548048 0.301560 0.403763
-0.194321 -0.530109 0.063558
-0.591269 0.452457 -0.606067
-0.417473 0.013090 -0.026580
0.201699 -0.125111 0.838947
0.679868 0.758227 0.259033
0.270016 0.218397 -0.130232
-0.355788 0.184006 -0.948936
-0.985087 0.703284 -0.907152
0.049590 0.229976 -0.603658
0.791462 -0.619808 0.769030
0.525981 -0.518514 -0.698512
-0.367535 -0.204099 -0.508431
0.997783 -0.540695 0.661270
-0.681764 0.960489 -0.548953
-0.156623 0.117128 -0.759429
0.633640 -0.450629 0.098540
0.099268 0.205281 -0.889028
-0.662762 -0.677616 -0.395897
-0.710172 0.843843 0.025909
0.247150 -0.285024 -0.447508
0.006354 -0.411354 -0.312708
-0.094498 0.011467 0.968628
-0.553355 -0.024048 -0.700977
-0.300002 0.434621 -0.651076
0.162703 -0.166598 -0.896841
0.866150 -0.172794 0.567853
-0.167373 0.874721 -0.419059
-0.175539 0.517729 -0.312665
-0.271286 0.989646 0.111229
0.378761 0.286924 0.655848
0.723650 0.126512 -0.410888
-0.954400 0.228806 0.650938
-0.098920 -0.670588 -0.423836
0.019978 0.673362 -0.656494
0.224300 0.506737 0.872095
-0.766593 0.852783 0.202935
0.533403 -0.892451 0.012296
0.245259 -0.386332 -0.136700
0.108596 0.105096 -0.916277
-0.121036 -0.572364 0.833390
0.953160 -0.400706 -0.649629
-0.560992 -0.044495 0.749011
0.000072 -0.889216 -0.920229
-0.545218 0.685543 0.242961
0.125916 -0.362061 0.858851
-0.337644 0.669889 0.791807
-0.033330 0.788579 -0.446393
0.316867 -0.824072 -0.052132
-0.565336 -0.874473 -0.992549
-0.350496 0.179061 -0.089539
-0.396461 0.982400 0.879050
-0.748693 -0.169785 0.297694
0.466982 -0.267256 0.492564
-0.751700 -0.336375 0.432866
0.251366 0.674420 -0.906286
-0.651217 -0.903011 -0.615772
-0.991434 0.008421 0.056629
0.315784 -0.230175 -0.993585
0.347782 -0.891418 0.732341
-0.954692 0.060950 0.789836
0.144979 0.216833 0.363222
-0.755182 0.349854 0.760710
0.948442 -0.113896 -0.310990
0.506619 0.085749 -0.485391
-0.655684 -0.659539 -0.081646
-0.659751 -0.960562 -0.895822
0.859769 -0.854077 -0.853639
-0.097623 -0.509799 0.925388
0.821972 -0.190514 -0.102537
-0.249773 -0.924268 -0.414306
-0.754653 -0.795259 0.121723
-0.802470 -0.794137 -0.038973
-0.115435 -0.724730 -0.991102
-0.614051 -0.528215 0.600497
0.830877 -0.188111 -0.189947
0.424963 0.253844 -0.631720
-0.784622 -0.124776 0.129657
-0.722585 -0.413453 -0.388114
-0.477404 -0.078477 0.306127
0.018780 -0.597087 -0.794122
0.643741 -0.041391 -0.875722
-0.483757 0.608068 0.503453
0.751633 0.204176 -0.154188
-0.146730 -0.612000 0.301598
0.170138 -0.690271 0.771326
-0.263064 -0.900522 -0.344238
0.739713 0.833913 -0.019203
0.912680 0.750484 0.650461
0.719420 -0.236249 0.512938
0.154678 0.439368 -0.644428
0.462788 0.915185 -0.394673
0.972323 -0.243248 -0.600553
-0.775428 0.569924 0.109651
-0.385737 0.216901 -0.335798
-0.103284 0.725328 0.336333
0.524804 0.166987 0.982796
-0.517180 -0.475418 -0.814882
0.108039 0.226718 0.451923
-0.329108 -0.975486 0.264459
0.997391 -0.410901 -0.632131
-0.436466 -0.149169 -0.498174
-0.306080 0.276413 -0.309944
-0.207882 -0.919937 0.835885
-0.186228 -0.343713 -0.827032
0.268366 0.727650 -0.917694
-0.709455 -0.707220 0.204550
0.842461 -0.124463 -0.312387
0.531681 0.485138 -0.506488
-0.678347 -0.284380 0.551207
0.390127 0.331707 0.658857
-0.445739 -0.320633 -0.915321
0.737492 0.164859 -0.403755
-0.861167 0.446819 0.497475
0.332357 -0.592438 0.826432
0.506316 0.315513 0.301888
0.808715 0.856614 0.191275
-0.166661 -0.272532 0.638158
0.289211 -0.845468 -0.715628
0.800372 0.768996 0.903665
-0.144298 0.568122 0.656450
-0.368606 -0.709325 0.994053
-0.939562 0.194672 0.300425
0.363579 -0.488744 0.443158
-0.567201 0.658077 -0.561767
0.393412 0.566827 -0.622109
-0.524027 0.558207 -0.828002
-0.618478 -0.088938 0.860364
0.123756 -0.224644 0.956740
-0.072577 -0.132530 -0.176711
-0.375640 -0.348610 0.375674
-0.918329 0.363633 -0.597591
-0.231584 -0.706922 0.105502
0.458701 -0.290689 -0.673167
-0.546989 0.636226 -0.464703
0.549405 -0.337601 -0.622535
0.454617 -0.062910 -0.937446
0.919885 -0.704493 -0.293186
-0.230411 -0.021140 0.570888
-0.987819 0.864944 0.291979
0.901298 0.634779 0.855676
0.202001 -0.285382 -0.114172
0.316065 -0.146136 0.463346
-0.816304 0.659973 -0.591623
0.887895 -0.688908 -0.741672
0.623752 0.637404 0.477519
0.921061 -0.458921 0.653297
-0.295919 0.074797 -0.108800
-0.988300 0.148924 0.495012
-0.650895 0.863312 0.060799
-0.643508 0.291895 -0.616155
-0.872933 0.370630 -0.778610
-0.787565 0.479887 -0.889596
0.619538 0.592297 -0.717213
0.036761 -0.806749 0.265142
-0.874140 0.888962 -0.584539
0.365789 -0.743417 -0.580807
-0.098101 0.146192 0.997727
-0.948148 -0.999371 -0.299266
-0.267687 0.767674 0.825165
0.761050 -0.713642 -0.175790
0.491770 -0.374778 0.326476
-0.525714 -0.353161 0.720859
-0.498982 0.928648 -0.387481
-0.952944 -0.490198 -0.657590
0.013654 -0.774568 0.252098
0.749798 -0.274962 -0.663015
-0.199950 0.571934 0.182975
-0.797714 0.074374 -0.063829
-0.345775 -0.779679 0.962224
-0.647913 -0.614514 -0.708835
0.140386 -0.112661 -0.500886
-0.141153 0.347044 -0.436599
0.830492 -0.387308 -0.603642
0.909136 0.621121 -0.313725
0.682864 0.037628 -0.306495
0.679223 0.504330 -0.404250
0.213357 -0.261220 -0.997896
0.923631 0.099258 0.196865
0.199783 0.101283 -0.419904
0.943152 0.243337 0.341843
-0.090414 -0.424277 -0.871302
-0.299540 -0.647805 0.324177
0.758008 -0.394490 -0.334235
0.340729 -0.701457 0.858875
-0.272306 -0.797601 -0.650632
0.865492 -0.505761 0.324538
-0.687670 -0.611797 0.758476
-0.703934 -0.962499 0.002466
0.725454 -0.348018 -0.743675
0.964462 0.353477 0.701381
0.504277 0.396485 -0.230872
-0.351320 0.433917 0.433426
0.901177 0.137320 -0.410758
-0.020942 0.227428 -0.146540
0.582266 0.169226 -0.981129
0.139680 0.267208 0.830522
-0.172557 0.148935 -0.050005
0.063313 -0.865392 0.794567
0.820825 0.096119 0.113111
-0.884888 0.195901 -0.141696
0.418087 -0.905750 0.421775
-0.426212 0.303411 0.254252
-0.546317 -0.119095 0.671266
0.211183 -0.862523 -0.114182
-0.376457 0.283291 0.229128
-0.979204 0.215391 0.469699
0.537460 -0.882048 -0.392683
-0.157453 -0.640457 -0.158532
-0.857741 -0.773565 0.337390
-0.474855 0.422812 -0.903783
0.125406 -0.217103 0.593943
0.567903 -0.248881 0.245428
-0.544902 0.160814 -0.837471
-0.130791 -0.634545 0.766762
-0.110198 0.181547 -0.279236
-0.422518 -0.594160 0.823743
0.598932 -0.733478 0.493450
-0.162938 -0.969207 0.056735
-0.739907 -0.580131 0.392082
-0.485716 0.783776 0.314340
0.664567 0.230379 0.737699
-0.276631 0.098281 0.031781
0.807581 -0.670169 0.156122
0.508862 -0.259900 0.735163
-0.253970 -0.653382 0.168097
-0.158864 -0.969620 -0.860323
-0.609446 0.538660 0.784079
0.091282 -0.788869 0.068838
0.711211 0.498955 -0.417804
-0.752219 0.801363 0.708178
-0.892569 0.647349 -0.805575
-0.873433 0.517202 0.072621
-0.170904 0.807724 0.678607
-0.884753 0.232174 0.544535
0.100981 0.966011 0.372095
-0.791714 -0.603404 0.652491
0.993513 -0.803321 -0.799341
0.526774 -0.871291 -0.862880
0.777633 0.600900 0.763126
0.301027 -0.354927 0.812626
-0.402553 -0.448978 0.772801
0.361645 0.791344 -0.688197
0.904594 0.225484 0.336070
0.828121 -0.238494 0.439150
0.280681 0.575505 0.793886
0.360122 -0.864721 -0.633719
0.907956 0.937301 0.934827
-0.926401 -0.235104 0.519345
0.505772 -0.828182 0.218978
-0.714261 -0.013581 -0.520629
-0.893678 -0.839961 0.821786
0.489292 0.863648 -0.060020
-0.173415 -0.283185 0.232614
-0.296881 0.492546 0.602635
0.751689 -0.514398 0.054044
-0.553111 -0.924888 0.415651
0.097963 0.447855 -0.824754
0.991052 0.988697 -0.070000
0.732117 -0.512863 0.475132
0.758452 0.629333 0.623548
-0.073947 0.639980 0.381410
-0.735097 -0.771631 0.543844
0.250928 0.038752 0.814524
0.319181 -0.207707 -0.172136
0.210489 0.520551 0.128707
0.017522 0.453801 0.410529
0.660694 -0.874896 0.509904
0.027521 -0.850614 0.358020
0.433080 0.047254 0.587598
-0.399504 -0.596186 -0.298532
-0.179899 0.391867 0.691040
0.441836 -0.652025 -0.267566
-0.683173 0.373448 -0.503656
0.050774 0.583660 0.341879
-0.403252 -0.334267 0.306729
0.098935 -0.807213 0.747983
0.025226 -0.053278 -0.603121
-0.246012 -0.334350 -0.458529
0.134813 -0.075449 0.778395
0.882688 -0.561053 -0.799789
0.570675 0.989723 0.727200
-0.952605 -0.497473 -0.913315
0.641559 0.162814 0.027437
0.108900 -0.495097 0.203277
-0.938666 0.292023 0.468868
0.346053 -0.335765 0.652526
0.431088 -0.743405 -0.609712
0.274217 -0.421168 -0.761134
-0.690062 -0.668766 -0.044418
0.214771 -0.647195 0.424993
-0.437975 -0.376884 -0.553003
0.570412 0.919628 -0.015000
-0.915939 -0.478861 -0.683899
0.685525 -0.830292 0.932952
0.177028 0.035480 0.694701
-0.944905 0.554305 -0.766792
0.681556 0.058352 -0.877741
0.666490 -0.945372 -0.723259
0.595649 -0.070258 0.762777
0.270859 0.247058 -0.415530
-0.732639 0.922345 -0.790405
0.058021 -0.454863 -0.471719
0.189172 0.595868 0.554359
0.737603 -0.414195 -0.068497
-0.981331 0.493715 -0.395314
0.122987 -0.661399 0.638799
0.634544 0.754906 -0.908126
0.984917 -0.504441 -0.381133
-0.501329 -0.464935 0.105323
-0.520379 -0.212457 0.311213
0.672052 0.385483 0.188646
-0.704543 0.632231 -0.925450
-0.471617 -0.885882 0.334858
-0.263258 0.304097 -0.305938
-0.088519 -0.084078 -0.908839
-0.139547 0.282129 0.092104
-0.849432 0.336112 -0.382274
-0.971130 -0.688809 -0.004881
-0.379197 0.388766 -0.518693
0.545592 -0.427046 0.241727
0.598433 -0.228888 -0.906390
0.070891 0.990818 0.937984
-0.557956 0.511393 -0.310096
-0.679455 0.331829 0.001737
0.078461 0.654785 -0.326913
0.334190 -0.267617 -0.914552
-0.243970 0.900069 -0.033475
-0.783539 0.375654 0.926759
0.815890 0.143922 -0.247439
0.161355 0.631862 0.722475
0.637688 -0.089047 -0.762284
0.138347 -0.687142 -0.878083
-0.002664 0.310747 0.708295
0.565671 0.714481 0.520138
0.406479 -0.979725 0.252205
-0.759036 -0.882666 -0.687176
0.646584 0.487699 0.897545
0.957952 0.786568 -0.734148
0.756765 0.677274 0.742172
-0.696629 -0.766416 0.847618
-0.652347 -0.262757 -0.088030
-0.751115 -0.958731 0.988181
0.753314 0.824676 -0.430874
-0.559797 -0.148267 -0.093361
-0.988801 0.558506 0.993334
0.057382 -0.223483 -0.214496
-0.807846 -0.467676 0.004266
-0.136304 0.090069 0.698131
-0.549515 -0.944672 -0.923549
-0.731662 0.140966 0.616370
0.773612 0.270226 -0.193714
-0.690971 -0.197163 -0.335170
0.740052 -0.026561 -0.547608
-0.422398 -0.727060 0.837171
-0.899308 -0.974307 -0.634022
0.621748 0.046934 0.251687
-0.284537 -0.862644 0.712316
-0.616211 -0.933882 0.145408
-0.833422 -0.808476 0.600754
-0.016781 -0.516983 -0.302747
0.458482 -0.867292 -0.767039
0.232524 0.213943 0.944924
-0.250901 -0.869845 0.075075
0.276694 -0.720794 0.105724
-0.604466 0.689460 0.670323
-0.140742 0.933486 0.959548
-0.741498 -0.264572 0.200643
-0.830324 -0.234689 -0.477656
0.904100 -0.176828 0.525342
-0.226589 -0.736376 0.726303
-0.999166 -0.888118 -0.271231
0.373797 -0.316591 -0.867374
-0.364320 -0.510038 -0.989160
0.069604 -0.766708 -0.425007
0.282380 0.450231 -0.473089
-0.341613 -0.506182 0.913777
-0.618961 -0.633639 -0.109929
-0.621387 -0.686583 -0.808241
0.280342 0.224165 0.300326
0.546600 -0.347284 0.836847
0.466409 0.609417 0.441924
-0.283089 -0.433935 -0.154966
-0.805939 -0.097439 -0.913718
-0.992108 0.862998 0.378674
0.123694 -0.317796 0.141076
0.783152 0.304760 0.204964
-0.079591 -0.308606 0.397094
0.961962 -0.150485 -0.215590
-0.143773 -0.148912 0.981250
0.413557 -0.281631 -0.256995
-0.138406 -0.926576 0.055633
0.622762 0.321136 -0.603158
0.456068 0.438917 -0.474922
0.245749 0.221898 0.679575
-0.727855 -0.610323 -0.028061
-0.911710 -0.168812 0.576438
-0.702571 -0.080103 0.979538
0.011840 -0.003352 0.117587
-0.627991 -0.705672 0.354709
-0.208466 -0.420187 -0.937217
0.692101 -0.935342 0.499966
-0.236023 0.197376 -0.504644
-0.689201 0.066776 0.391235
-0.609013 -0.127282 -0.110690
-0.568042 0.130099 -0.708129
0.019498 -0.773137 -0.028915
-0.376802 -0.095507 -0.132501
0.815866 -0.020129 0.636998
-0.548695 -0.295834 -0.849821
-0.158504 0.337400 0.676334
0.131830 0.280145 -0.645466
-0.925588 0.583376 -0.665924
-0.817661 0.875125 0.927043
0.232515 -0.242725 0.666479
-0.590560 -0.141215 -0.285965
0.825400 0.839555 0.301772
-0.778520 -0.035614 -0.509343
0.769831 -0.723194 -0.891379
0.408858 -0.093428 0.676730
-0.850741 0.602152 -0.925331
-0.943860 -0.077368 -0.557417
0.187437 -0.948366 -0.929221
0.454297 -0.579670 0.312834
0.499844 -0.881338 0.539508
-0.463158 -0.220908 -0.826722
0.677260 0.121458 0.009331
0.937110 -0.330988 0.781559
0.439376 0.857056 0.815604
0.982060 -0.736646 0.592033
0.608989 0.288747 -0.442278
0.930297 -0.591156 -0.000849
0.042974 -0.676341 0.445058
-0.822266 0.386196 0.697231
-0.301207 0.418842 -0.686452
0.691898 0.904063 -0.694613
0.383719 0.011662 0.062999
0.412979 -0.022519 0.200653
-0.538198 -0.242987 0.730481
-0.780195 0.195151 -0.631426
0.693079 0.158088 -0.193902
-0.500351 -0.126311 0.915225
0.018419 -0.061021 0.492548
-0.241906 -0.145152 -0.326105
-0.698160 0.427618 0.746062
0.811185 0.761606 -0.096432
-0.431868 0.275847 0.909410
0.454101 -0.010303 0.377617
0.545076 0.838539 0.526432
-0.133619 -0.452787 -0.000237
-0.343644 0.885529 0.015932
-0.055887 -0.303608 0.278814
0.040103 -0.741902 0.738416
-0.281974 -0.134843 -0.588666
0.106796 0.404110 0.762331
-0.896785 0.946664 0.407635
-0.431403 -0.591051 -0.407824
0.751451 -0.417220 -0.074358
0.411476 0.743980 0.317142
0.506218 -0.653346 0.754816
-0.448562 -0.743244 0.952489
-0.596720 -0.726696 0.252042
-0.362274 -0.733302 0.202242
0.517970 0.586397 -0.688975
0.113734 0.627357 -0.677826
-0.584635 -0.995177 0.049268
-0.610637 0.448485 0.924428
-0.582489 0.298194 -0.576331
-0.963986 0.517108 -0.131991
0.893574 0.068572 -0.685034
-0.100451 -0.594216 0.756059
0.381806 -0.317522 0.055641
0.338960 0.565715 -0.839706
-0.954962 -0.771095 -0.210007
-0.066587 -0.727077 -0.177694
-0.116754 -0.781820 0.833320
0.198292 -0.222929 0.013814
-0.371605 0.708662 0.150030
-0.010208 0.821771 0.675959
0.625604 -0.548782 -0.693754
0.380193 -0.062715 0.367425
0.521254 -0.409373 -0.430699
-0.018337 -0.452901 0.334591
0.493461 -0.055922 0.447600
0.020875 0.425743 -0.550063
0.477686 0.430248 -0.466789
0.111942 0.710623 -0.500955
0.471960 0.907933 0.732484
-0.196960 0.214415 0.983540
0.136875 -0.769945 -0.909139
0.580629 -0.152743 -0.506374
-0.304656 0.514746 -0.069505
0.736999 0.469851 0.948028
0.777008 -0.490906 0.318118
-0.958914 0.982213 -0.477988
0.329590 0.698307 -0.679071
0.695759 -0.975509 -0.116046
-0.055925 -0.251819 0.172769
0.829685 -0.346022 0.158520
0.754925 0.545991 -0.918533
0.885582 -0.906706 0.177517
0.150707 0.572780 -0.703114
-0.641259 0.504214 -0.700990
-0.061110 0.463296 0.302484
-0.578792 -0.392079 0.937950
-0.102659 -0.911085 -0.560830
-0.315130 0.998979 -0.394617
-0.947208 0.025843 -0.832789
-0.451865 0.984766 0.409277
-0.898667 -0.102627 -0.656725
-0.754111 0.174131 0.011312
0.485733 0.784612 -0.506636
0.845984 0.035984 -0.482330
0.691572 -0.928940 0.119019
0.443243 -0.440045 0.726984
-0.519431 0.679749 -0.842910
-0.680145 -0.238031 0.708111
-0.710829 0.750876 -0.540537
-0.094983 -0.294531 -0.763748
0.888619 -0.123643 0.380663
0.150535 0.003432 0.233155
0.796685 0.398625 0.064960
0.290372 0.212789 -0.133758
0.249528 -0.112860 0.515229
0.937825 0.919731 0.641472
0.203518 0.498664 -0.643903
-0.041963 -0.485390 -0.993010
0.933475 0.727697 0.027397
-0.491695 0.385950 -0.130398
0.606699 0.999036 -0.301835
-0.511194 -0.465235 -0.813308
-0.211908 -0.965150 -0.771209
-0.456609 -0.680274 0.464318
-0.788790 0.731988 -0.557771
-0.782819 -0.979787 0.430410
-0.486767 0.018997 -0.776768
0.970592 -0.749231 -0.176148
0.703299 -0.510226 -0.466056
0.616999 -0.453321 -0.994257
-0.144173 -0.974930 0.819585
0.283626 0.166029 -0.596821
0.399892 0.354509 -0.879073
0.761693 0.158827 0.584934
-0.474172 -0.755904 0.404899
0.587765 -0.227933 -0.952615
0.636508 -0.587812 -0.321936
0.256462 -0.800091 -0.856008
-0.948592 0.833280 -0.377235
0.321318 0.978471 0.338902
0.050190 0.041840 -0.246166
0.199559 0.917583 0.576088
-0.151547 -0.335110 0.767063
-0.728428 0.699171 -0.489846
0.431258 0.612441 -0.046007
-0.615432 0.689535 -0.264983
-0.358639 0.020032 -0.129828
0.366104 -0.725604 -0.128621
0.783404 -0.927875 -0.085323
0.321064 0.775422 0.187572
0.648969 -0.554618 -0.294381
0.884265 0.771950 0.115906
-0.049023 -0.097865 -0.882421
0.784754 0.636299 -0.087498
-0.441120 -0.314159 -0.753679
0.443579 0.113340 -0.531793
0.246011 0.958460 -0.755210
-0.083030 -0.011682 -0.666406
0.063160 0.211955 -0.685311
-0.690552 0.712697 -0.377225
0.260667 0.253546 0.678342
0.479789 0.681153 0.250430
-0.101086 -0.212867 -0.241940
-0.163214 -0.741381 -0.152083
-0.221110 -0.930857 -0.449739
0.503814 0.155891 0.612335
0.085376 0.708168 0.592134
-0.803431 0.954013 -0.970505
0.193676 0.585023 -0.336212
0.197140 -0.275755 -0.878770
-0.983077 -0.810276 -0.803181
0.221780 0.051730 -0.089073
0.383843 -0.966348 -0.458033
0.554785 0.819954 -0.123327
-0.837032 0.597457 0.770341
-0.172679 -0.513290 -0.912057
0.182166 0.819739 0.355776
-0.365503 0.285777 0.664137
-0.048340 0.639497 -0.216181
-0.302989 0.165977 -0.070627
0.954224 0.032779 -0.229656
-0.210133 0.095880 -0.290176
0.445813 -0.238674 -0.231711
0.233947 -0.878306 0.310710
0.009944 -0.093948 0.438506
0.516512 0.692522 -0.250394
-0.345925 0.428684 0.163610
0.263603 0.111046 0.545386
-0.619918 0.111424 -0.683796
-0.185496 0.327988 -0.013857
-0.240817 0.769940 0.545651
0.052582 0.900106 -0.151269
0.576146 -0.664128 -0.428415
-0.323829 -0.788359 0.003610
-0.615480 0.268372 -0.619815
-0.752988 0.938173 0.316481
0.872902 -0.020224 -0.933195
0.148742 0.116658 -0.970049
0.722484 0.239941 0.489382
-0.012158 0.236805 -0.485060
0.947516 -0.198560 -0.675347
-0.888169 0.272344 0.966760
0.791589 0.404209 0.981196
0.445657 -0.321498 0.202436
-0.840467 -0.556635 -0.164920
-0.596363 0.907002 0.991195
-0.258128 0.418458 -0.184459
-0.720982 -0.326146 -0.533257
-0.343844 -0.569957 -0.775310
-0.565143 0.811514 -0.829557
-0.350487 0.056900 -0.290975
0.035214 -0.913160 0.297139
0.126958 0.361933 0.134516
-0.124193 -0.299717 -0.547130
0.000135 -0.947895 -0.343518
0.355745 -0.782566 -0.874218
0.304357 -0.204451 0.603650
0.874623 0.914081 -0.148814
-0.471346 0.217227 0.256386
0.244690 -0.356443 -0.872497
-0.579990 -0.691161 -0.752199
0.852567 -0.972305 0.203715
0.894948 -0.279894 0.054196
0.391567 -0.365661 -0.044696
0.634206 0.490711 0.616899
0.974680 -0.259345 0.494183
0.205569 0.333210 0.479748
0.499463 0.771490 -0.301357
0.306963 -0.439419 0.189137
0.502350 0.582002 -0.159751
0.017440 -0.332300 -0.661927
-0.478965 0.824274 -0.382061
0.949519 -0.517044 0.446142
0.147807 0.393740 0.287916
0.413497 0.811094 0.126939
-0.864302 -0.458349 0.416438
-0.011851 0.097104 0.193161
-0.234741 0.547791 0.447070
0.428599 0.430620 0.780716
0.190786 0.934144 -0.761615
0.263918 0.433853 -0.045559
-0.423583 0.100075 -0.270505
0.818248 -0.286415 -0.648586
0.152778 -0.208015 -0.808204
0.129685 0.075693 -0.653606
0.195276 0.134718 0.547225
-0.276860 -0.502481 0.902440
0.122435 -0.945720 0.641423
-0.606484 0.572073 0.410325
0.937627 0.931159 -0.451179
0.532899 -0.366290 0.258396
0.195492 -0.890913 -0.989636
-0.884472 -0.744116 -0.484695
0.813910 0.037265 0.593783
0.676624 0.469886 -0.217230
0.727719 0.484100 0.486303
0.803149 0.197327 0.057149
0.780325 -0.091077 0.623141
-0.892307 -0.997420 0.056585
-0.852776 0.953086 -0.988998
0.436299 -0.513231 0.935104
-0.236917 -0.945433 -0.946128
0.106747 0.973424 0.959547
-0.325454 -0.034593 -0.799088
0.044354 0.199403 -0.497877
0.224229 0.799385 -0.998089
-0.542132 -0.580161 -0.752228
-0.667798 0.251825 -0.794611
0.477063 0.774045 0.853175
0.320352 -0.605207 -0.829407
-0.535950 0.923914 0.924690
-0.236162 -0.348417 0.020021
-0.416624 0.959325 -0.557557
-0.261715 -0.141258 -0.749872
-0.234350 0.713461 -0.719278
0.168044 -0.186726 -0.658927
-0.975328 -0.453313 -0.876342
-0.246463 0.620420 0.439371
0.894767 -0.145969 0.415603
0.330683 -0.565907 -0.392835
0.059659 0.593315 -0.076375
-0.544517 0.986931 -0.768842
0.911778 0.618093 0.677787
0.589835 -0.583658 0.265165
0.513500 0.491372 -0.456869
-0.637761 -0.343754 -0.040311
0.147561 0.673901 0.538068
0.352301 -0.473021 -0.042239
-0.329128 -0.530144 -0.979509
-0.321076 -0.487767 0.143805
-0.875396 -0.458961 -0.910461
0.282836 0.136379 -0.325040
-0.705331 0.915840 0.168785
0.358227 0.062698 0.613066
0.792760 -0.234579 0.380051
-0.540225 0.303710 -0.201689
-0.986437 0.911056 0.736883
-0.418327 0.995515 -0.365745
-0.082312 0.702518 -0.390807
-0.098919 0.331174 -0.739065
-0.155299 -0.381180 0.353549
-0.728061 -0.534537 0.422752
-0.687551 -0.155961 0.425761
0.530937 -0.810238 0.703991
0.447945 -0.321411 0.527606
0.456598 0.201782 0.116962
0.469407 0.998520 0.157104
0.617436 0.488547 0.711617
0.909050 -0.613834 -0.669081
0.172704 -0.101410 0.141445
0.596085 0.863429 -0.165168
0.435865 -0.606402 0.069104
-0.956390 0.007501 0.090673
0.470891 0.298970 -0.283207
-0.988538 -0.769028 0.946121
0.844666 -0.349814 -0.482294
-0.127167 0.379880 -0.286345
-0.865412 -0.194410 -0.478822
-0.350140 -0.674085 0.317680
0.053262 -0.458274 0.107725
-0.014584 0.591950 0.911969
-0.738659 0.767827 0.409594
0.385107 -0.251398 -0.312184
-0.988721 0.964410 0.213012
-0.195343 0.087538 -0.918946
-0.652698 0.246720 0.028523
0.574150 0.317485 0.202871
0.630531 -0.863474 0.381774
0.431181 -0.449673 -0.608701
-0.572295 -0.603718 0.047564
-0.728747 0.318572 -0.789843
-0.946221 -0.361420 -0.616281
0.977324 -0.394007 -0.555872
-0.606460 -0.252294 0.211698
0.563891 -0.270847 0.251942
-0.035880 0.692991 0.138084
-0.420217 0.407175 0.640129
-0.069119 0.974395 0.758194
-0.606091 0.573512 0.201902
0.069623 0.027877 0.706822
0.221746 0.075412 -0.902280
-0.103394 0.816083 0.423473
-0.898092 0.767985 0.653334
0.093368 -0.955189 0.124859
-0.890822 -0.359242 0.257819
0.825826 -0.284409 0.720048
0.836722 -0.957912 -0.521144
0.419725 0.513686 -0.215166
0.313509 0.224317 0.479550
0.437317 -0.828258 -0.683500
-0.734546 0.864960 0.827085
0.594825 -0.766563 0.148543
-0.625539 -0.263232 -0.465817
0.657862 -0.711097 0.292358
0.967789 0.374109 -0.841533
0.815699 0.286159 -0.087378
0.319385 0.758089 -0.045746
0.062643 -0.095105 -0.854817
0.574140 -0.747177 -0.210860
-0.226354 -0.439918 -0.194986
0.236018 -0.377225 -0.654976
0.738735 0.941665 -0.082832
-0.345961 -0.905036 -0.926297
-0.214236 0.860484 0.461417
-0.301461 0.936093 -0.142484
-0.446415 -0.147294 -0.576914
0.771278 -0.277653 0.315938
-0.221906 0.803463 0.284762
-0.023496 -0.735714 0.803833
0.093634 -0.429894 0.755854
-0.891119 -0.371846 0.073657
-0.320371 -0.046531 -0.471368
-0.739834 -0.926292 -0.684707
0.905893 0.150806 -0.022080
-0.231352 0.416840 -0.717481
-0.447740 0.311804 -0.041871
0.540185 0.794220 0.646745
-0.631585 -0.817060 -0.661119
0.567061 0.827662 0.850898
-0.403568 0.680683 0.072471
0.645584 0.096730 -0.708214
-0.841561 0.914438 -0.148395
-0.298959 -0.287394 -0.242131
0.889994 -0.874591 -0.761877
0.579303 0.098819 -0.742926
-0.931080 -0.551531 -0.478379
-0.971574 -0.567819 0.476638
0.710867 0.796472 -0.220172
-0.361173 0.999722 0.538681
0.074704 -0.490457 -0.357389
0.030729 0.084166 -0.972643
0.918800 0.151212 0.178316
-0.577058 0.529974 0.474529
-0.809684 0.189989 0.316388
0.671136 -0.587818 0.755270
-0.077038 -0.806953 -0.788758
-0.604391 -0.434499 -0.007188
0.497502 -0.626548 0.985304
-0.676956 0.198756 0.857881
0.665015 0.295778 0.430986
-0.731589 -0.980674 -0.131702
-0.820962 -0.284495 -0.552514
0.832693 0.760112 0.637886
0.427889 -0.691856 -0.903265
0.307776 0.284516 -0.261151
-0.054627 -0.021701 -0.520144
-0.371667 -0.163221 0.206358
0.911638 0.076969 0.462328
0.614002 -0.772984 0.306249
-0.035779 0.144862 -0.923166
0.812431 0.905568 -0.993036
-0.574417 -0.639612 0.562609
0.196160 -0.645333 0.627942
-0.293050 -0.078286 -0.225387
0.042760 -0.039715 -0.450832
-0.150888 0.816674 0.005788
0.832773 0.100254 0.537635
-0.412817 0.580827 -0.471357
-0.960900 -0.678542 -0.956694
0.894125 0.999954 0.524461
-0.783744 0.797891 0.487552
-0.335511 0.004556 0.323519
-0.951899 0.003082 0.464791
-0.623549 -0.112419 0.065060
0.471131 0.928907 0.696551
0.243037 0.167281 0.206373
0.090357 -0.881274 0.396593
0.432674 0.024961 0.740775
0.344874 -0.274671 -0.960611
-0.881677 -0.296403 -0.075789
-0.666258 -0.621343 -0.539577
0.561027 0.542576 -0.234122
-0.655271 -0.778183 -0.825741
-0.217441 -0.908915 -0.332730
0.923066 0.015009 0.645289
-0.741468 -0.463842 0.893093
-0.232896 0.296812 0.952254
0.101576 -0.389308 0.063897
-0.890726 -0.775260 -0.985658
0.768420 0.342561 -0.403340
-0.557677 0.366153 0.839064
-0.401722 -0.356882 0.708481
0.786752 0.828073 -0.413692
-0.759375 -0.120005 -0.408470
0.767733 -0.926730 0.267761
0.812363 0.953341 0.300261
0.899846 -0.848681 -0.281443
-0.982571 0.962368 0.805453
-0.943895 -0.963735 -0.266061
-0.482924 0.693865 -0.679031
0.581299 0.108919 -0.245216
-0.708560 0.995383 0.235972
-0.121236 -0.257745 0.811456
0.642384 0.622372 0.232397
0.775913 -0.401443 0.407412
-0.191105 0.199998 0.996306
0.969050 0.025238 0.147727
0.794644 0.971271 0.557216
-0.869631 -0.354721 0.793125
0.536705 0.484466 0.335846
-0.169472 -0.193517 0.617865
-0.412439 0.369664 0.452417
0.689112 -0.360229 0.483779
-0.787020 -0.723877 -0.165328
-0.889548 0.895397 0.803792
-0.902133 0.676623 0.017748
0.403926 0.773862 0.153949
-0.767346 -0.994843 -0.006157
0.898464 0.145244 -0.254122
-0.938156 0.829959 -0.345687
0.409555 0.388474 -0.492234
-0.872445 -0.229999 -0.365738
0.400513 0.639565 -0.555109
0.056462 -0.918783 -0.571488
0.523523 0.586797 0.552809
-0.715224 0.102069 -0.154583
0.982973 0.308140 0.870404
-0.709299 -0.098253 0.543215
-0.264285 0.265017 0.023404
0.983859 -0.652255 0.870697
-0.196858 -0.064014 0.057204
-0.469267 0.927315 0.822974
0.945810 0.993839 0.339600
-0.096629 0.701468 -0.952390
0.668808 -0.005428 0.346440
-0.251908 -0.262754 -0.936566
-0.152421 -0.183292 -0.550418
-0.505353 0.168279 -0.364457
0.660504 -0.777230 0.155290
-0.679911 0.056481 0.105092
0.284595 -0.145150 0.018949
-0.638095 -0.073969 -0.253939
0.332262 -0.130357 0.558683
-0.148016 -0.528458 -0.452623
-0.909430 0.079838 0.661762
0.538223 -0.124421 -0.607759
0.726969 -0.886438 -0.201555
0.713230 -0.213647 -0.764249
-0.468101 0.200059 -0.695928
0.309871 -0.123676 -0.331221
-0.518149 0.646660 -0.206652
0.476959 -0.119290 -0.816266
-0.118988 0.015376 -0.084316
0.632483 0.821703 0.573557
0.165564 0.082900 0.289232
-0.424339 0.623694 0.713696
-0.465566 0.805636 0.697465
-0.151026 0.818000 -0.759122
-0.944027 -0.304266 0.130871
-0.297115 0.884135 -0.490580
-0.437573 0.269655 -0.992272
0.455114 -0.245061 0.955496
0.382835 -0.895570 -0.814744
-0.823664 0.905245 0.368103
-0.144788 -0.599035 0.747279
-0.596888 0.413358 0.526649
-0.410688 0.009829 -0.554021
-0.242141 0.930269 0.386276
0.693228 0.081199 -0.521921
0.425760 0.001136 -0.646302
-0.175140 0.269680 0.470664
-0.513558 0.751995 -0.240898
-0.457727 -0.609760 0.608343
-0.291671 -0.033202 -0.554360
0.372182 0.562067 -0.321149
0.890159 -0.938779 -0.734114
0.177574 0.402814 -0.498634
0.108142 -0.363228 0.108178
0.318655 0.945616 -0.088606
0.296432 0.156079 -0.364890
-0.493872 0.975741 -0.586295
0.580551 -0.706825 0.608703
-0.628543 0.934313 0.371975
-0.819764 0.386354 0.207242
-0.324908 -0.478528 0.437522
0.482723 -0.345588 0.752454
-0.462346 -0.860271 0.199736
-0.785859 -0.446672 0.014373
-0.427281 -0.570007 0.406371
0.093999 0.679523 0.162479
-0.033106 -0.477487 0.584132
-0.606258 -0.515543 0.683177
0.482385 0.225747 -0.922159
-0.745485 -0.000085 0.492678
-0.071798 -0.965414 -0.631460
0.177533 0.388434 -0.933143
-0.913337 -0.477380 -0.832997
0.083892 -0.752596 0.296439
0.554451 0.941033 0.896814
-0.453270 -0.941181 -0.341176
0.416960 -0.880398 -0.280575
-0.403931 -0.561309 0.412262
0.318194 0.070988 0.821549
-0.793722 -0.700622 -0.233101
0.311764 0.168159 -0.851915
0.916850 -0.389870 -0.282055
0.247260 0.890331 0.325376
0.909547 -0.624818 0.237620
0.657758 0.018049 -0.275653
0.969517 -0.718025 -0.178141
0.746747 0.800961 0.960764
0.769695 -0.898086 0.859533
-0.143666 0.303238 -0.211448
0.627336 0.151839 0.691089
-0.612457 -0.630034 -0.119246
-0.990497 0.385706 -0.407893
0.114599 -0.859993 -0.658711
0.245718 -0.388675 -0.570556
-0.542307 -0.570361 0.245702
-0.664618 -0.274587 0.375774
0.027342 0.194562 -0.498186
0.865430 -0.172242 -0.426072
0.808652 0.310579 0.227892
0.773469 -0.882919 0.675359
0.355729 -0.280014 -0.487297
-0.790388 0.882148 -0.716176
-0.481123 0.382214 0.420305
-0.678463 0.628262 0.020575
0.696913 -0.825429 -0.914340
0.273981 -0.699952 0.049898
-0.971783 0.559859 0.799060
0.677766 0.916706 0.806192
-0.111964 -0.203304 0.792367
0.853878 0.945672 0.536634
-0.596022 0.889908 0.894283
0.332263 0.714561 0.122353
0.888254 -0.812127 0.727927
-0.888993 -0.321786 -0.729349
-0.041730 -0.535508 0.904145
