-73 -8 52
-62 73 16
-58 88 -74
-40 27 -8
-17 -89 -64
-83 -91 -60
52 26 -87
-46 86 90
57 -17 50
25 -2 13
-7 -1 -63
-20 19 -11
-60 100 -38
-82 -10 94
28 -50 85
60 91 -54
-10 -22 89
43 -59 85
-36 -13 -35
22 -73 -31
96 -58 -31
89 -8 88
21 96 73
96 33 81
52 12 -98
-38 -17 -22
48 -42 72
-37 11 54
-54 88 6
14 -38 43
-58 -45 -78
79 -52 6
36 33 8
73 -43 -37
6 -63 61
11 62 64
31 72 -37
-90 -38 59
71 -45 33
-79 24 -41
-15 -76 -57
-25 -52 -3
75 85 84
75 44 51
-100 -81 -19
-10 -38 -34
-23 96 -22
83 -75 83
29 68 -40
50 48 42
28 5 79
17 35 -4
-81 1 70
-68 72 -52
-73 -53 92
-32 76 -7
-11 -11 -38
84 32 -68
89 -14 -96
-50 95 94
-42 1 9
20 30 93
-45 38 -53
2 19 -27
-14 55 30
-18 -38 52
-25 -60 -82
-96 -18 -37
98 44 35
99 -87 -59
11 63 -38
21 -10 -6
87 84 31
10 6 11
-58 -93 -47
25 -14 56
-11 17 13
62 37 18
37 40 -94
-44 79 -70
-54 13 84
47 -50 10
40 -65 34
62 -21 -65
-35 -17 -89
73 14 -60
90 -40 99
92 69 -1
88 -48 53
-99 83 1
1 74 -68
-49 76 21
-65 -91 -94
-100 -96 11
97 -78 -61
96 -68 29
57 -2 67
-12 8 -80
-31 44 -20
94 92 12
49 13 44
-60 44 -60
-12 -97 -95
42 -13 57
39 21 -62
-83 -78 -82
-45 -33 30
35 10 63
39 30 -83
-83 8 -17
-62 -78 -33
-23 -75 80
41 66 88
27 -46 -58
-95 -80 -63
70 -11 1
77 -84 -97
76 -47 9
28 88 -71
-93 -79 -53
55 -34 75
-77 -86 -64
24 10 -69
-37 52 -7
-7 -77 44
94 -84 3
-54 -34 -69
1 -48 36
-44 -12 -73
7 83 2
-24 32 13
-44 -19 54
-82 -13 93
71 70 -28
66 -60 76
-45 -83 -84
56 30 59
-52 24 -20
14 -41 82
-48 61 85
74 96 64
52 44 84
-41 -55 -2
-99 44 -34
34 -63 98
-69 -42 98
-76 -64 -58
-28 -54 -94
50 40 77
-2 -91 -75
10 -46 -56
-89 -45 96
63 -39 0
-88 51 75
-6 9 4
14 -76 -23
-21 32 25
-39 -52 19
43 -51 85
-15 100 -52
2 85 -43
-3 59 20
33 21 74
77 -1 0
71 92 13
61 25 78
35 17 19
-40 -98 -66
75 35 11
-91 50 16
15 -14 23
-61 22 75
-15 -45 -93
-78 35 -45
34 -10 -26
13 25 90
23 -29 -48
65 -92 57
81 -37 58
32 40 35
9 -61 58
87 91 -88
-53 -88 64
11 71 -38
71 11 48
-41 30 78
53 -9 -18
-78 56 -46
100 -68 65
98 63 53
87 -53 -56
-59 44 42
4 57 96
0 76 85
-21 -13 -83
19 -27 -88
15 8 77
-54 52 -76
41 -28 53
19 -35 70
55 -34 82
3 37 34
-87 -98 2
13 6 21
46 -76 82
-11 50 -12
34 49 -71
-37 68 -27
-58 -88 -72
-51 -81 31
34 -37 51
19 86 -28
75 18 88
30 100 -19
-16 77 -74
-99 62 -74
-19 11 92
-69 -66 -41
-74 -52 -95
63 42 -49
30 -9 -18
74 -72 -5
-41 76 -83
23 16 61
17 -22 -27
10 10 -97
29 36 3
-96 46 50
-76 99 -28
92 74 26
61 57 -38
-54 -27 -8
-69 48 -86
-74 -33 -42
77 -66 -51
-49 -18 -78
-25 -59 -53
24 -66 92
-77 9 -5
85 -83 -27
-8 43 -65
-32 -36 2
-48 -71 -95
54 76 -48
63 -6 -27
95 23 -6
47 82 47
69 93 0
17 -73 -78
-63 17 -16
86 -13 66
54 84 49
39 -84 -39
-27 -15 -93
-84 -55 63
92 91 -47
-6 -79 -37
37 8 -81
-80 84 -55
25 30 39
9 11 -45
-28 87 -94
-71 -43 39
-88 -10 55
-74 -14 -5
35 -54 67
75 -41 19
75 -6 -75
13 5 86
56 -75 48
50 32 18
13 -3 -56
58 -53 20
-99 -28 -10
22 -47 22
-52 48 28
62 -69 -2
-53 78 50
74 -21 -89
54 44 -64
-62 -24 56
24 -7 16
-45 -41 98
99 94 -22
96 28 -74
-67 -21 -66
-33 -98 -62
-53 -50 -60
32 59 27
-65 54 -26
-11 86 -38
-23 -9 -69
7 78 0
-68 -86 89
10 90 -54
-59 45 -49
19 36 -42
-32 -65 -73
91 -1 -72
-99 14 -51
77 24 4
96 -67 -89
-60 -82 9
-7 6 65
13 -66 -93
15 -84 -33
14 -6 68
-71 58 70
-13 -16 -21
-95 -1 23
-51 -49 -36
52 100 -98
-99 -17 -42
28 -42 -36
-16 -25 24
-22 -69 36
-44 86 -27
86 -91 -56
82 10 35
-11 -53 -55
-23 35 -15
70 -10 39
67 -52 -24
73 -29 48
84 -22 -15
23 20 45
-63 46 24
-24 -69 -78
-17 32 -95
10 60 16
81 66 47
74 23 21
40 49 16
37 -40 1
67 17 87
9 39 1
-6 -27 -17
42 -57 -84
57 -8 99
9 -60 68
46 -18 -25
-9 -3 0
-65 77 38
40 -23 -1
100 -46 82
97 -52 -25
92 -29 -21
-29 -53 -68
73 1 86
-69 85 -48
36 51 -49
-72 -86 -91
33 80 23
-67 -21 -79
52 16 68
-1 18 -46
-98 -85 -8
60 -37 28
14 -71 -14
-42 18 66
60 82 26
7 -50 -63
53 -98 -44
-76 -78 71
-69 48 -74
-49 83 -1
64 -72 -86
-78 13 -96
94 1 47
43 75 -88
-63 -19 71
15 -1 -15
-98 -93 32
-28 10 22
-64 -58 -57
28 29 -6
-31 34 -46
3 82 -97
57 99 72
33 51 -95
-53 -34 -79
-60 18 5
-17 4 88
-28 -50 40
-89 72 12
-44 -59 -81
-64 100 -82
68 -33 -42
23 20 37
-85 -43 92
76 -41 87
-46 -60 -57
-78 -54 -67
80 64 -48
-50 -14 58
2 -61 56
-84 94 -20
81 32 4
-92 41 -87
-51 -8 10
72 -62 21
-77 -15 -85
79 60 -73
-39 -8 87
-80 42 9
21 -32 -32
100 -22 -63
63 -74 10
49 36 2
6 -56 85
-8 -7 -57
56 -18 33
58 52 -100
-23 -79 -32
38 -18 44
-90 87 -87
20 75 -21
43 76 75
-92 -6 52
-32 -79 -62
-13 -99 10
-98 -49 65
63 -94 -95
-75 72 94
67 -81 -58
-78 -36 74
46 72 4
27 -97 4
-40 -96 40
-92 4 -77
8 68 38
11 60 51
-50 25 -43
-55 87 21
-40 -84 -92
-45 32 48
-4 -37 28
-22 55 -37
-80 41 -55
100 17 63
11 -94 94
-31 -83 37
13 -5 -58
-79 -51 86
13 -77 -92
22 23 89
50 -57 -60
-73 -16 -54
30 59 -97
57 82 93
71 96 11
-49 100 -50
87 72 -99
-51 -60 65
13 15 -56
4 50 71
22 14 69
55 -23 69
-68 -49 -15
86 58 -20
80 -19 -60
80 82 -19
-99 -51 55
33 67 60
-25 -76 93
-96 68 -31
-24 23 -77
-51 20 -77
41 -89 61
88 35 -64
-93 -69 -6
-35 21 25
-75 92 -5
97 14 48
0 28 -81
-16 -72 28
-18 -69 61
-73 -18 -12
2 -58 83
-73 58 24
16 -42 -23
-5 30 -1
-71 -64 62
-100 -4 -56
-96 -7 -2
-23 83 32
-11 43 -78
82 5 -49
-35 70 -58
-12 86 -64
19 13 22
20 -60 -79
-69 -33 49
-18 10 -40
-44 39 11
-73 -85 -6
-67 -99 25
-42 -20 95
0 -82 -10
54 81 -6
70 -52 96
28 42 55
64 -72 92
71 -47 -51
-78 55 -22
-92 0 -46
92 11 -73
73 14 55
-84 -17 43
45 -18 8
-49 -79 71
-84 87 -39
94 -23 77
73 -75 36
-59 45 91
98 -90 -92
-10 -90 71
-93 91 47
12 92 -12
-98 47 -22
-28 84 4
-53 -69 -4
2 -9 -76
35 22 56
-25 65 54
42 44 -71
93 -98 -23
99 -34 65
-4 50 59
64 -30 -8
36 -41 13
71 13 8
-81 93 -99
-60 -69 -20
27 80 -97
-57 24 44
48 69 -98
2 6 -45
92 54 59
80 62 -96
-63 40 22
-3 28 16
20 72 -65
-88 96 -73
-99 5 -99
-5 86 -38
-39 -32 -71
-23 23 -43
71 -49 -59
16 91 6
26 88 0
-100 47 -43
100 -43 77
34 -75 4
-66 66 -6
-18 77 34
97 42 -12
96 25 -74
-23 49 -64
-87 2 24
84 -79 -54
-88 -66 23
1 69 50
-73 4 50
1 -38 62
-69 -80 83
-54 -8 -16
38 24 23
29 14 11
-63 76 -16
-34 61 36
-48 65 -84
-48 37 84
51 70 66
20 24 -24
-41 -87 -66
37 -39 58
-100 98 -49
35 -4 -27
67 62 -48
64 -78 97
-38 91 62
5 91 -80
-85 45 57
-87 -8 -95
-8 39 2
-31 52 0
84 -87 -75
-11 -49 -80
40 -38 -99
72 39 55
-8 -82 -10
-47 48 41
-28 -25 -73
-21 31 -66
57 34 91
-34 -42 40
38 -22 54
46 -8 73
88 34 53
67 -73 -10
11 -60 -7
-41 -52 -45
-73 54 8
79 84 -93
53 -80 -70
-88 70 6
-56 46 64
-52 85 84
-9 -64 41
45 -4 48
-15 76 -5
-86 -33 57
-27 36 -63
-45 29 74
96 -96 -68
15 -22 91
-44 8 55
41 -28 56
-100 -83 -38
63 -5 -80
-69 -85 -66
76 -71 -22
71 -50 -63
-17 2 -17
-29 -83 98
-91 43 98
-4 -84 82
-60 -51 -62
-93 -1 -46
34 9 -50
94 -35 -23
-20 25 83
8 66 38
-50 -9 40
-45 33 6
-45 -19 -25
-93 6 91
17 97 65
-68 -3 84
-26 63 37
57 -20 38
25 30 -63
18 3 -58
94 98 30
76 -74 -96
80 96 -21
12 -28 54
-53 68 -40
-45 -91 -78
-39 4 -52
10 -72 -46
-29 -9 -64
-77 -68 60
86 90 -33
-100 -72 -35
-32 -21 -87
-66 72 96
36 -54 -45
51 85 -27
87 39 -19
-83 10 -42
-49 33 26
-63 -46 -20
78 97 -19
20 79 -79
-27 -92 8
-31 25 89
76 92 -11
-54 7 -2
23 50 95
87 -38 -57
40 -5 65
-2 38 92
-39 -24 -47
-36 42 -16
53 -56 -45
-17 94 52
49 -18 -95
-81 -78 -73
-3 13 52
-30 -17 20
47 -72 -39
-30 48 89
62 -92 -37
57 -33 69
99 8 -48
57 -63 31
-49 -74 -21
4 2 -69
-29 -88 2
-54 71 17
-23 -34 76
-57 50 -24
85 -62 72
-70 -29 -26
-74 -95 -75
39 -85 22
70 33 -61
52 28 -52
-86 67 -45
-35 -73 -32
15 61 45
41 -12 52
-37 28 -2
-25 -92 7
-7 2 9
-64 49 49
14 39 -64
-23 57 87
-80 -22 86
-72 -3 100
39 54 79
16 29 22
54 -38 8
18 -81 76
-50 -55 52
-68 80 56
18 36 33
-59 -39 35
-41 44 -67
-44 19 -39
-32 -70 22
12 -26 30
-98 11 23
-45 -17 -2
54 -34 55
-33 -44 -12
-68 -18 -54
-34 49 -17
57 -84 -71
-56 -31 100
91 26 53
-6 9 -96
47 -66 44
-92 -84 -43
100 29 -83
12 -45 -96
42 20 6
-96 46 -69
84 -67 34
72 46 -59
14 74 99
16 -78 34
-30 10 85
26 -82 -86
38 -18 7
-48 2 47
-32 -85 -59
55 -66 -86
-73 -28 71
3 26 82
-20 55 -49
-92 10 69
-52 49 -44
-61 29 38
-24 16 -73
-12 -45 66
99 -45 100
-83 48 85
71 77 37
70 28 -29
-10 49 91
-78 -40 95
-45 -2 74
55 -44 32
-5 -44 -57
-82 74 33
12 -83 -53
0 -35 3
53 -61 -77
99 -90 66
6 -16 -68
95 -10 -36
-88 88 51
-89 -14 26
-32 62 -44
-73 3 31
77 -51 74
-13 -28 8
-78 -31 70
37 -61 -75
97 -23 -88
-26 55 3
81 -31 -87
14 -30 81
-89 67 48
80 -38 8
23 -78 -98
53 52 3
-69 13 -95
-95 48 24
44 -72 14
35 5 -57
91 -92 -89
-67 78 -4
-36 -31 -24
21 -15 -30
-44 56 93
51 40 7
-9 44 -30
4 37 -93
-39 -83 -58
-53 -42 82
-36 19 82
-17 -43 87
-6 -87 -76
-5 -93 -57
-6 -96 59
-92 -29 26
-69 13 -48
77 20 -7
41 70 -84
60 53 -7
-57 10 -26
-31 13 54
14 18 -56
34 68 31
1 -38 51
67 48 44
31 -64 -73
26 -55 44
-92 -46 -36
-84 -92 -100
-5 48 79
64 -7 45
57 -78 -69
28 -73 8
-74 68 69
-32 -36 -99
-63 -44 -80
73 68 50
46 3 47
73 84 -61
56 -3 -6
-93 69 8
5 82 25
-57 75 -10
-28 -34 91
68 98 39
-47 -4 -63
-73 -47 10
-49 -26 -18
-36 13 -50
82 -54 -20
24 50 4
-70 -40 22
76 -41 -56
-33 3 68
69 -32 16
28 96 14
99 -96 -86
-48 -55 -42
-33 -41 -24
-9 100 10
-47 9 -49
-83 65 -85
41 44 1
-7 83 -19
-88 -43 50
-76 3 -76
-87 -32 60
65 83 -87
-88 18 34
21 -78 -56
-75 -57 7
49 -97 20
-83 -9 40
-69 -26 -45
90 -13 34
-82 12 -81
-57 -22 -74
55 26 77
3 88 85
-6 -42 46
25 95 -4
54 -65 47
98 89 -26
-80 -52 74
-45 -33 24
-37 -11 -27
61 37 -43
71 -7 -73
47 -93 -86
-99 27 74
-66 -38 69
15 -29 -7
12 93 -16
-7 95 -57
7 -93 -89
-82 18 1
9 95 12
73 -6 28
54 76 -83
-20 -2 65
35 77 43
74 -70 13
29 -86 -35
19 60 99
-61 -80 98
-52 49 -96
-49 -58 28
-57 -61 83
-8 -1 -31
-51 28 5
67 81 -59
99 -14 97
-24 49 77
6 0 65
-45 75 100
22 -19 75
-57 -43 67
-5 -16 91
9 -68 -69
-73 -26 71
21 -27 -65
54 24 51
71 -72 -24
-93 -58 -66
-91 -57 -69
-84 59 4
-45 -18 -82
-98 54 -67
55 42 -21
11 -36 -50
-95 99 -5
-93 -91 77
99 -15 -44
58 74 -70
57 -83 -31
-76 70 -6
6 47 79
-70 59 2
-57 -57 85
86 -31 46
42 70 -45
-18 -30 -91
-97 -82 7
-71 -48 -87
-82 -4 -95
-7 -45 -16
36 14 65
-80 16 84
-57 49 -100
38 14 -90
-17 73 -10
-22 69 -54
-90 -72 -69
88 24 -65
-100 54 -3
-97 -76 -55
46 33 -73
24 63 81
15 -18 80
89 -73 -18
-49 65 11
62 -58 -40
-5 -36 -50
-37 -17 -6
34 63 0
50 82 89
33 -52 -37
76 51 -74
-43 25 96
62 -83 -51
-13 -68 -44
32 29 77
68 -57 93
14 -15 -30
24 50 86
-17 8 74
-75 -67 58
-88 99 8
-100 -55 15
-47 61 -53
35 -94 69
92 37 43
-41 -6 -4
-61 80 80
-67 -71 -83
-67 -50 -78
45 86 -89
43 56 35
94 -47 -53
-94 67 70
13 -75 -49
-28 45 39
-41 34 73
-76 -10 71
33 -18 58
8 -59 -67
-92 69 22
41 -18 99
-80 -14 -55
-98 26 100
2 49 -70
58 -1 30
57 -66 64
84 99 47
-44 -79 -38
-95 22 -15
-72 -77 -4
85 -45 84
10 -5 62
36 36 -84
57 -68 -3
66 52 42
53 1 1
35 -31 -30
-22 77 -6
-77 40 24
21 -82 52
-33 97 32
17 49 95
-41 72 -76
53 39 63
63 -85 55
-55 -28 53
81 20 19
-60 7 51
80 -13 35
-40 95 93
14 35 90
-65 3 -57
22 52 24
-96 -80 65
47 -97 47
-13 -92 72
44 -14 -95
-13 15 -10
95 -44 -14
48 -6 -49
-9 54 -1
84 -84 -88
-97 -98 -45
50 43 53
46 -53 -52
-34 -80 -58
-83 -68 7
-38 -60 -85
-89 -15 25
54 79 40
67 -34 -88
-31 4 82
69 34 -24
-37 -50 -34
-79 -81 2
-21 -12 -75
61 -74 11
-81 60 -69
29 -33 7
-74 -10 -15
-29 4 -36
18 12 -90
-91 -85 55
-14 91 -81
29 -87 -43
100 -80 -39
67 -69 -84
50 -20 -9
50 92 -49
-70 85 -64
-82 81 38
97 -14 92
59 94 3
-100 -72 50
-29 -87 -68
-16 41 -8
8 -45 100
33 -62 -55
-24 5 79
-30 -86 23
40 13 88
-72 66 15
37 -68 -18
-17 -16 25
-46 60 8
54 -42 80
-55 38 -55
-39 -11 -15
-30 -15 -100
-25 -85 -11
23 52 -7
5 -7 100
-5 73 -71
14 -73 -60
44 -23 82
-72 80 -56
-31 56 86
86 -9 43
-38 -80 -18
6 51 75
23 -64 -81
-51 69 86
-72 63 -54
64 73 5
12 21 8
76 40 43
37 -22 51
10 -59 81
29 42 11
5 -100 -75
-81 -77 75
-90 -54 -82
-68 -26 -46
-10 -11 -82
-63 -54 -11
-10 77 72
-8 48 26
93 96 13
75 -39 47
57 -21 39
-80 41 23
11 48 -81
60 -52 52
92 -89 -69
-98 -9 1
-84 -47 10
65 -7 -56
-46 39 -11
97 -54 -65
-53 -41 96
-79 60 88
-55 -45 -89
47 -68 -98
-95 -1 -63
-6 -38 -68
51 12 14
-21 -83 -91
86 50 45
4 3 -32
15 50 25
-57 21 20
72 -43 41
100 39 30
32 -35 44
-44 -58 -2
51 -55 -13
-74 43 -21
99 -5 80
51 80 13
1 -61 -77
68 -83 100
94 -41 18
69 7 48
34 -3 -10
15 14 -42
53 83 33
77 -61 -70
49 -65 66
-72 -8 -48
-15 96 -3
76 -56 -45
23 55 90
-99 -8 -96
10 88 -51
-82 5 -65
-85 -22 0
89 -72 78
-81 1 -7
69 97 -92
-14 48 -88
-62 -90 -64
68 -91 53
-66 54 -77
-89 -18 94
-10 -51 86
2 57 -81
-55 -92 -19
58 26 -74
86 45 -12
-96 -71 -92
93 8 40
68 -55 83
22 99 0
-92 -57 80
41 95 -35
95 -39 71
64 37 47
-62 67 32
-95 16 -43
94 30 53
43 52 -65
-31 73 -61
12 37 88
57 -62 87
-98 76 99
-66 52 -44
-57 -74 18
-31 92 -48
-54 49 39
-100 -41 -76
-49 -42 -96
86 92 -36
-8 6 -68
54 -5 -17
-85 39 -38
70 -90 20
31 -71 -75
85 -1 -3
-17 -6 -21
-19 -4 -60
-55 -37 51
46 -44 29
-5 -97 -65
-90 85 -97
21 -54 17
4 -46 39
8 -73 -15
96 96 -90
-96 60 62
72 -55 -5
47 58 95
75 -36 91
0 20 57
-26 -84 -99
-13 95 -60
-54 13 55
94 25 38
93 91 -8
25 -10 59
-71 89 -66
99 86 -41
6 70 -100
67 6 -40
84 52 48
-48 -7 35
24 51 85
-73 -35 45
-47 19 34
37 -64 -6
-48 40 10
-27 -53 -45
-68 -67 -11
-7 -88 -14
76 -19 55
83 -42 44
-12 -100 -34
-55 -61 83
-69 61 -64
35 -81 23
8 76 -57
92 -57 3
65 -74 -53
-4 -70 43
-33 -4 90
96 -90 28
-97 -63 72
-87 75 71
-43 64 -88
-46 -32 77
55 100 7
2 -19 -9
80 -61 19
53 -4 -69
57 5 -76
-29 -65 50
-21 -27 -25
-31 8 -61
90 -28 -16
44 -100 -28
19 -31 -69
4 82 -71
18 -24 25
61 24 -77
68 35 -67
35 -20 -59
-14 90 -38
-32 -100 3
-47 -80 23
21 -18 -48
65 -36 46
46 96 -49
18 54 52
-36 -64 -2
-91 -58 -51
-30 -33 -96
-88 -43 65
-67 -52 17
96 1 -5
75 83 -2
-29 -84 18
-96 13 -72
-11 34 23
-28 -22 -27
-73 -74 99
-17 -78 -24
-50 83 -86
-18 40 -99
7 -72 36
17 80 58
-27 -58 -16
-78 32 37
-19 83 -77
-78 85 56
42 52 -46
-30 84 7
70 -30 -67
-49 43 0
39 88 -42
53 -18 34
-81 -84 88
-6 39 -37
-3 -92 47
90 71 92
96 -45 83
-4 13 13
-81 -71 27
55 -68 10
2 -38 -77
44 4 -53
-37 -17 -76
-8 43 51
-13 -86 -5
65 89 73
-73 -14 93
27 -3 -75
24 2 -51
91 32 73
-17 -16 63
-59 -3 28
-40 -32 15
-33 93 46
96 -47 2
-2 -28 -49
80 -27 -10
-17 39 -49
51 23 -88
6 -19 19
-46 63 -96
4 -94 -46
-42 81 -8
-53 -89 -53
77 83 4
-88 3 53
12 29 -60
-73 13 52
67 -98 35
71 -96 -25
65 15 7
75 -4 -71
6 61 -100
-30 -77 23
-66 84 13
-11 91 47
21 84 0
53 -95 -60
48 -88 72
-2 -63 -65
26 17 27
3 81 13
-98 59 -19
-62 14 -65
8 -31 -32
-15 84 -44
53 21 -71
-3 23 -95
-20 -8 19
-84 13 5
51 79 81
-86 22 -40
2 79 -42
-58 64 -36
96 86 -35
10 -31 94
-44 -38 97
-62 -77 3
35 -81 15
85 41 -29
44 -51 60
53 41 -94
-63 -13 60
-15 23 -56
91 4 -75
-51 -31 61
-75 75 43
31 90 56
-96 -13 -7
-39 51 24
-54 -8 -55
-13 -63 21
-66 37 -78
-47 53 -7
-43 -94 -17
12 43 -68
13 -35 53
-78 -100 96
-42 -32 -64
-20 -97 -2
10 -99 -100
53 96 -90
3 89 -73
72 36 -19
44 -7 -4
32 34 -20
-23 -48 17
-88 60 73
-17 -70 -30
57 5 -13
75 -99 -24
-35 -30 100
-80 85 -90
13 28 81
62 -10 22
-90 42 -84
-14 -37 52
-100 14 -31
-86 48 -68
-4 -82 -51
-90 12 -28
-29 -38 -22
-96 -51 -29
-21 -29 27
37 -48 -90
-57 -44 37
83 7 -35
10 83 53
-30 -10 14
-85 -26 -8
64 -19 40
14 71 -38
-99 -47 -61
11 -13 97
33 58 24
-48 76 28
58 -65 -42
35 27 -19
56 -44 86
41 90 -81
-72 -80 13
87 46 -11
-28 -95 53
-68 95 100
37 -45 87
-56 64 59
-69 43 -28
82 -16 46
-62 -98 35
-45 93 -60
-78 -85 80
-35 -26 -20
-11 53 -2
-53 81 -15
45 5 -85
-16 -19 85
69 58 34
-25 -23 -5
79 97 28
-98 -72 100
-31 70 16
48 3 -32
30 -47 -25
16 -14 -16
93 93 11
4 88 100
59 -40 -23
-6 6 100
66 12 92
25 21 -46
93 -66 -94
-98 -37 -67
41 -65 -88
57 19 86
-29 -9 42
11 -100 -27
-70 50 88
-27 -62 53
74 82 -68
-66 -15 -83
-63 0 33
-43 77 -25
-72 -65 -63
-35 -92 92
47 -40 -21
78 -67 24
51 -67 47
-37 -54 34
-81 62 -95
-31 69 -89
-88 -17 31
-54 81 -57
-1 -79 -1
-100 -28 -77
-45 57 -71
35 17 -55
-87 91 -81
-20 -2 -50
-77 -99 -70
1 81 20
79 -97 -8
-1 -78 -84
-92 -52 -88
-32 -35 -23
69 -22 -31
32 -83 -64
-81 -100 11
-24 -16 -7
-64 -43 70
90 7 -46
99 -6 -43
76 -83 -71
-8 -100 -5
10 -40 99
-84 45 -15
51 88 -24
15 68 43
-71 14 88
80 -10 -18
62 -84 93
6 36 85
95 44 38
18 98 -59
31 5 26
-97 11 -50
-76 24 -21
-90 -94 68
-13 74 -14
-94 67 18
-94 -4 -65
81 -13 8
55 -86 -85
-94 -25 24
-100 27 98
32 52 -45
-95 65 -19
-45 -84 98
79 45 40
-78 -10 -100
95 -27 62
-54 38 -2
11 -32 4
17 8 58
-59 -37 16
-7 7 -93
21 -9 -35
-28 -49 10
-48 -93 -68
-64 -32 -33
-68 -17 -45
-81 -71 78
77 -2 -48
91 -27 -60
95 7 -97
-14 91 -79
50 45 97
-11 -60 67
65 6 -44
70 35 64
37 -68 -31
-31 -48 -23
-84 36 69
34 9 -56
62 77 62
-19 -15 45
-24 94 43
-67 64 79
-21 7 -90
27 39 -26
-91 77 -34
89 -91 41
-73 -69 49
62 -84 -13
-16 77 -2
16 56 -13
18 75 61
5 -86 -64
65 -10 81
78 -70 -24
-42 49 96
10 0 -55
74 87 -31
48 -100 -6
40 99 -50
97 -41 -98
-78 39 90
95 51 -45
-69 -26 -68
-23 -67 28
-15 -24 36
57 -81 11
53 -67 -5
91 96 6
-48 -30 -19
19 -21 79
-21 54 -32
4 8 -10
-48 -47 -45
56 -9 12
-16 31 -12
39 -84 78
-66 83 72
5 67 61
-47 -94 -25
60 33 -26
17 -83 -68
-25 76 42
81 51 -91
-36 -37 -60
76 -18 65
59 -42 -59
52 -37 -82
-54 -1 -95
-18 90 75
-53 -96 -73
93 35 4
89 93 -5
10 -46 92
-92 -49 50
-78 -68 52
-39 -30 -46
96 -27 44
-2 -98 -60
53 -77 -84
-50 -6 -14
-92 100 -55
-24 97 62
63 -64 51
-60 -56 14
-22 -68 59
-96 55 35
53 65 -53
-98 27 -29
-9 -4 98
-67 -52 -74
72 40 12
87 32 42
-45 -33 -7
-61 -20 -10
-21 -33 40
-16 9 27
6 24 -70
-60 -92 78
70 -74 75
-9 93 -22
27 -1 -32
-96 -5 9
2 5 86
-50 -92 -6
-86 13 -84
72 -65 29
-75 -31 -100
45 49 33
88 57 65
39 68 -59
-49 -44 71
83 15 -87
64 66 -75
37 50 85
70 -93 -90
-36 94 79
72 -3 94
-67 50 68
67 -17 -29
17 -70 -77
-21 62 98
-57 77 -28
90 -42 76
79 41 -18
8 0 -82
100 -25 -42
12 74 -27
78 -97 91
28 0 25
2 -38 -19
2 -8 11
98 -57 -65
-71 13 78
98 -97 -20
47 -15 -70
20 -48 -39
45 -4 -31
41 65 -7
-17 -44 40
59 12 14
36 -23 -1
-49 -58 -12
-96 95 -98
19 11 -73
-84 -89 -70
-44 11 -46
-36 -79 68
38 93 -13
76 76 3
15 2 64
-31 16 24
-43 87 -55
-60 -23 -8
26 -14 40
-34 83 -44
-82 -56 -68
50 75 -66
-75 87 -36
-89 55 11
-100 -37 76
-49 -78 -86
44 57 8
31 72 38
-26 13 53
-92 -14 10
77 88 66
7 37 -80
-45 -28 34
82 44 -19
-1 49 -60
98 26 -87
4 -83 60
71 -47 -22
84 -16 -19
-74 -83 -51
98 -34 -81
-72 28 90
-76 -23 -97
-88 -14 -49
-11 50 92
42 66 58
51 -75 70
94 39 -18
1 26 44
44 -80 69
-17 75 -8
-74 18 -4
14 85 -28
25 31 5
92 -15 -42
-3 -8 80
47 5 -37
40 45 -37
79 39 74
-26 -80 11
-13 39 -3
-78 -60 -46
70 61 -5
42 -87 -37
14 61 -76
-90 21 9
0 -91 -37
-74 -76 -56
-60 -100 -86
91 82 -10
-36 -72 -26
29 -4 -77
22 69 -46
-11 64 -81
35 3 21
-82 19 12
66 -43 -22
-14 21 49
65 29 -36
0 9 -41
63 -80 -61
-21 92 -11
-55 10 8
-52 -85 32
-44 2 30
-66 -44 -83
9 24 -39
57 -77 -30
10 -2 -5
89 -1 -35
73 -40 44
15 96 96
31 3 34
7 85 79
-65 -21 -26
-49 -62 -98
35 -16 -54
95 -69 -18
-4 17 63
42 -22 31
2 33 76
-35 55 -11
-95 9 49
-14 -38 42
-89 -89 32
78 71 40
-97 -57 -17
50 -12 51
-6 -35 45
25 -57 -31
13 43 -23
81 -2 -42
59 -89 23
-21 83 -56
71 -17 20
89 25 -20
-61 14 61
82 53 -43
-43 -77 -80
-56 -29 -65
-60 -46 78
78 50 -87
-6 22 -72
-24 -84 52
64 -33 -56
63 65 -42
-9 72 -76
86 98 -36
44 -38 -78
13 -73 -11
-34 14 75
-80 -19 -59
-85 -10 34
-5 -43 69
-34 -54 36
-94 -38 -4
-93 47 -86
85 -91 84
39 82 15
-77 22 -28
-73 3 -77
-50 -17 73
72 2 -96
-38 7 43
68 19 64
12 -30 -96
45 -5 58
-81 -13 -8
86 2 72
88 -6 27
-80 51 77
-12 -8 62
-54 97 -90
4 -1 -25
-23 60 -22
-56 97 -85
48 -67 78
78 -13 -83
-52 -69 -94
9 94 95
93 -95 47
8 -98 75
26 51 -87
1 64 -53
68 77 32
-77 -90 -82
-92 -54 -28
-98 70 -63
61 61 -83
61 43 -40
-20 -17 83
-77 -23 60
-89 -97 3
20 -83 94
-32 -28 68
51 82 -15
-37 65 100
-84 -13 47
-86 -36 -42
41 -52 -16
30 -31 5
18 -61 -87
-65 35 73
-12 -57 -32
35 91 -80
8 -57 86
83 -76 -79
-4 -28 100
14 2 -95
-42 42 43
14 54 43
84 -40 -93
1 -99 -98
69 37 7
-80 80 -25
-96 -92 43
39 40 28
-50 -8 43
27 -3 -66
-16 89 -42
67 -90 43
-18 -75 -70
-88 5 -27
-91 13 -78
-87 56 5
64 -17 -2
-5 1 -88
-24 60 0
-11 86 -6
-63 92 -81
48 10 -13
-8 68 -82
47 -65 -1
8 -92 29
-6 -30 100
32 -4 -99
-72 -91 20
89 60 25
-10 62 -37
73 86 -36
19 90 -96
-72 -44 49
23 -2 -41
62 -87 20
-82 65 36
-50 15 -28
52 71 -99
57 58 67
-20 -49 -83
-22 4 -98
12 -63 91
-28 89 92
56 -99 -24
7 30 74
43 -35 20
-11 -65 -24
-11 74 -23
37 64 -89
-57 -8 -16
88 67 11
22 -89 30
99 18 13
46 30 85
-32 83 -51
69 39 -91
83 -10 47
38 -68 -19
-60 65 56
-33 -46 -53
93 8 23
-72 63 -20
-42 -18 -62
-52 -28 -92
76 14 18
-39 12 23
35 51 14
-36 60 -20
-45 77 73
-46 -68 -100
-81 -47 84
-22 35 -65
-71 59 -73
95 10 9
30 60 -47
-86 79 66
59 14 86
-68 -25 21
-35 72 -40
-13 99 -79
59 60 -6
32 -35 -53
5 40 -69
58 -3 41
-35 53 -46
9 -26 79
-32 9 3
-43 -67 -45
83 -79 -8
-18 92 -75
-58 12 0
100 68 67
82 -32 9
-70 -69 9
13 21 4
7 8 73
-18 -59 67
96 27 14
-82 76 83
1 67 32
-70 -41 -35
51 48 -32
-74 -81 -44
-45 9 23
-24 85 100
-9 12 -45
90 60 15
-48 42 65
-10 38 -81
60 -100 30
-80 -80 -48
73 -49 -50
-89 51 72
27 87 -86
93 74 -100
82 -28 3
23 -65 99
-51 21 70
47 -21 33
33 8 -83
74 84 90
-66 77 -18
53 33 -41
34 66 0
-31 -32 -18
-71 -16 -88
-31 66 -54
80 62 -79
-79 16 50
-24 -9 -40
87 15 -51
56 -100 30
3 57 -2
52 14 45
43 15 82
44 -51 74
-47 -26 21
23 65 -90
59 -82 100
-12 -1 39
30 80 57
-78 30 40
