-2600.896484 566.646729 -5320.654297
-1496.625488 3095.787354 -3538.397949
150.535004 3875.488525 2920.441406
-1537.328857 3878.081543 418.631470
5740.295898 544.478882 48.772881
-9.330223 2104.728516 6408.030273
-1261.643311 715.105286 -1917.260742
2945.525635 4629.412598 1126.759766
-92.018250 702.508423 -4083.934570
1453.204102 -583.247070 -2507.926270
5725.912109 -259.534180 -250.828247
781.885376 4837.717285 -2937.173584
-9116.919922 3550.461914 -1128.340332
-2463.076172 2885.680664 -3752.436523
-249.890305 -3287.899658 -4226.106445
5606.165039 370.405243 318.627563
4014.397705 -480.434662 -6803.075684
6106.550781 636.957520 -3387.397461
889.618774 316.438782 -7768.070801
364.657806 3596.145508 5008.416992
-6151.218262 1341.326660 434.899963
4006.084229 564.107666 -4794.433594
405.908936 -7239.904297 1841.458252
-367.411560 -4811.919922 398.697327
613.421509 -2748.956055 87.596313
-716.564941 -5289.633789 3014.454590
1114.823242 6331.409180 -489.793152
3694.577393 -1627.563721 3627.249512
367.701172 4081.395996 -341.371613
2668.975098 -2043.621216 -188.491272
756.457275 -3809.159180 -1146.602539
4547.850586 -6885.650391 1331.362793
4998.684570 -472.209045 2723.988770
2663.827148 -2248.143555 4161.313477
-2747.874023 -5154.958496 -814.669922
-834.369995 -814.666077 -5947.736816
2152.916992 3896.373779 583.352234
877.017212 2652.338623 -1223.761230
4407.889648 -2568.065186 2278.104004
4620.869629 3603.547607 1790.848999
2463.870605 5341.232910 2782.522461
3764.419922 1948.902832 911.548096
1607.272949 1660.452148 4674.971680
4536.654785 2683.561768 -1708.908081
-4720.676270 -3689.662598 485.831238
-253.450958 1978.688232 -2486.019531
-2139.665039 -2198.464844 -4310.013672
-162.291443 -650.987427 -1960.399902
220.561203 -6904.023438 3911.538086
-4062.941406 -1350.495605 2674.650391
38.620544 5682.420898 -1347.694336
-1120.930786 -273.012848 -8603.453125
5452.246094 1980.450195 842.088928
6169.841309 56.857819 954.101074
1703.424072 160.246521 -4653.009766
2007.848145 -5470.662109 -847.625061
1411.646362 1491.158447 2653.447754
2333.571777 -519.337524 2343.569580
1985.149902 -1903.573975 1524.830811
-2348.003662 1845.737793 -5033.456543
-3262.815918 -4245.275391 -1059.813477
4407.575195 -790.022461 4363.405762
-3278.482910 -1767.759155 2906.013672
-5382.229980 3361.424072 81.495941
-8439.978516 16434.625000 -5587.808594
-2376.483887 4189.656250 -459.910034
3891.335205 -1824.061401 6317.840820
-3637.884766 -2741.464844 1688.704102
1630.261719 -269.702240 -2846.094238
1333.496094 3492.534424 4034.435303
-5188.816895 290.278076 -3779.840332
316.560303 -4507.036133 4293.197266
233.467529 -2062.750977 -2704.588135
2716.521484 1238.983643 301.002930
2861.012695 2850.756836 -4688.060059
3431.566406 -948.376648 3393.480225
5938.272461 -735.959167 651.983093
-1388.303467 3616.093262 -5356.595703
-2309.055908 -3874.100098 3809.084229
1867.254761 1151.711670 -732.520874
1641.301270 3987.214355 575.608643
3531.263916 1734.383057 3346.341309
2838.473633 -2552.149902 2328.254395
1769.249023 -546.925049 -2995.082031
1934.861328 -156.077667 -4213.858398
-361.556671 -5468.639648 -3305.445312
3691.993652 384.858887 -1042.865479
-4744.033203 -354.970825 3636.707031
-811.251465 3750.426514 -3226.184814
17.034340 -2135.765137 -4651.640625
759.698364 -1159.934570 -3592.463867
-5129.463867 -1423.653564 5229.786621
-828.348938 2101.092285 -4099.675781
-2266.111816 -47.497314 2547.069336
3727.859619 -2223.990723 5078.308594
4714.551758 -1855.029663 -3502.527100
6215.188477 6673.361816 -6420.013672
-2874.035645 -857.539246 1827.325317
262.220856 7937.843750 -2191.694092
3783.025391 3805.237061 -1602.752686
-6760.020020 -2191.265137 380.108215
2689.378662 824.780457 2843.631348
-278.332306 -125.771851 -1671.989624
-2615.356201 -3758.792480 2782.605469
1011.779541 3737.730713 1509.821289
1540.464722 3864.826660 -3500.757812
168.305023 -3756.916992 4845.262695
4538.416016 667.163269 4115.343750
-9667.696289 -3418.297852 1121.161377
3320.043945 80.459518 -626.972351
-461.807312 1540.778320 -4786.182617
5088.444336 -377.698242 -271.852661
-4415.397949 644.628174 -17.012543
3977.575928 3971.709473 4596.568848
-2426.300781 2216.995850 -1353.527588
2979.520020 100.902405 -3974.741699
2450.908691 3877.206543 3074.942383
-2010.267334 2746.701172 -1677.931885
618.111633 -3625.988770 -32.860779
113.244064 -5293.490234 3376.539795
-2956.290771 4811.719238 608.639832
-4692.020508 -1077.594482 -3476.591309
2829.641113 1217.578613 1515.453613
-2696.681152 -2142.916260 1673.366455
2480.832520 2257.237305 1130.097534
3100.052490 -3165.378418 -697.719421
2584.693604 -689.441589 -1700.231201
1601.921997 2745.564453 5221.460938
2757.843994 -1757.867554 -3908.771729
4141.706055 -1093.297241 3865.461426
-1108.612793 -1680.605957 1105.026123
3900.289551 -37.546692 -3794.056152
287.140076 3497.574707 3449.254395
444.635925 -894.466309 -3486.013184
304.888184 -3680.014648 -395.837769
3902.810791 -961.998230 3056.103516
1373.058594 -5140.506836 -2673.087646
-6067.670898 433.578613 -18.875885
173.575714 4114.485840 2086.713623
65.902069 4342.456543 -6371.662109
3957.092773 2812.184082 -1896.992554
6865.833984 -4087.237305 3221.061523
5998.118652 -1605.450928 -2395.516602
-3414.673096 -4921.409180 -1493.651733
-836.951477 1721.129395 -2776.872314
-6226.958008 449.218262 -2264.997070
300.849426 -1799.605957 -5371.484375
3876.341309 2371.230225 -484.852356
2046.829346 -91.525024 -14862.472656
933.034912 -788.203430 -2928.621582
-1615.422363 -2243.217285 -1407.735840
-1853.065430 -1425.997314 -537.798218
-847.853638 4484.884766 1655.843262
-1779.217529 -4837.661133 -1608.845337
5104.974609 -1057.853149 2351.169922
-2239.366699 -2718.207520 963.031494
878.972717 4824.040527 510.959900
-3480.666504 -3790.036377 1289.688232
957.037781 4341.799805 2858.353271
1832.851196 144.374084 -4615.570801
424.728302 1648.156494 4725.505371
1177.828979 -3366.340332 877.555176
-3015.752197 -2602.013184 4493.966309
-563.939209 -6387.304199 1151.644287
3696.810791 -1472.056885 -1717.925293
-3115.418701 2114.828369 14155.708008
-3374.596680 -1050.534424 6925.811035
386.889862 -4704.722656 -2382.356445
838.723389 4221.979980 -3315.419922
-5903.293457 1702.737549 -4452.404297
775.094238 263.051453 5018.985352
4579.225586 820.303955 -3032.472656
5356.737793 417.724365 -1231.155640
2178.474609 3473.852051 -10.120819
973.200439 -1036.108887 -4543.764648
1200.163818 -2490.804443 -2770.755859
-2567.291016 -593.352966 -1549.473145
-1162.515625 -1876.829224 5992.291016
-5472.978516 -1678.847290 -3088.600098
876.529724 6504.013672 494.106689
-2508.568848 1150.594238 -940.183472
4827.978516 -343.971252 1075.674316
-5555.629883 2534.983643 2084.947266
3006.748779 -886.643860 -1842.907104
-827.446533 -5531.628906 1740.089844
-2278.882080 2937.404297 6548.293457
821.189026 6447.728027 -370.153137
-2068.019043 -2546.592285 -56.798737
-1349.894775 -178.240112 6808.872070
2467.282715 -398.005432 -5423.868652
5289.189941 268.363708 -2021.628174
-4149.156738 -1680.205566 -782.068542
-1780.232178 -3445.168701 4821.916016
-3092.817383 4328.959473 -2048.685547
2665.870605 2107.860352 5890.720703
532.568909 2382.510742 3339.755371
924.843140 429.239746 -2266.425781
-4652.804688 -1549.072876 3527.377441
7093.276367 -3217.348633 7572.707031
1525.966309 -2527.917969 -4356.164062
1162.011841 -3219.545410 773.281372
-2703.018066 5084.551758 2384.024414
-1740.848389 2618.441162 -2386.725586
92.218445 -4379.438477 -3313.350342
32.431519 -3351.626221 3221.126709
-511.875854 2619.418945 -3981.310547
-3339.486816 -2993.738037 -2636.926025
-3648.799805 1433.060791 -3548.726074
-756.109741 -276.867798 -709.363403
1834.155518 2294.014404 3192.468750
3555.172363 -501.351807 -4204.598633
-2158.562012 316.820618 1142.877441
1415.807251 1039.562256 -19077.339844
5383.901367 -8346.916016 940.125366
-1090.738281 -5264.804688 1692.058838
-4318.966309 -1472.573486 -3549.183105
-425.121735 -2706.879883 -5052.535156
-268.142303 -3323.879883 -4408.851074
576.715942 -6063.426270 1011.944580
-671.645630 4341.838867 2030.161865
-3705.984375 998.093140 1017.182983
1652.189697 -381.300262 -3088.687500
-4323.178711 3602.285645 618.881348
-1254.283936 165.605347 -1621.137939
1368.561646 -419.344971 -2657.977783
360.375061 -369.869263 -3357.632812
-2148.369141 848.089844 -4820.509766
-2770.975098 3153.132080 -612.501343
3422.503906 -894.063477 3471.099365
-2024.796265 3573.748047 -1737.139404
-6989.138184 98.276001 -4137.694336
-5251.691406 -1814.806396 1464.137451
-2451.319824 5292.515137 1464.060913
-3054.073486 -418.053345 27.300964
-3470.691406 -4905.803223 2322.989746
593.456726 -4440.197266 3372.463867
1824.222168 577.791321 -4190.540039
1814.035156 1839.332275 2380.645996
-888.973938 4422.054688 1950.492432
-4761.705078 4001.646484 202.419785
590.479614 -3273.373779 857.817261
412.194702 3742.503174 -3078.246338
1775.064453 -14304.535156 2835.313965
-2960.851807 4534.773926 1047.659912
-717.845337 1678.498047 1793.074341
438.936859 4048.803223 -585.194946
-1522.811890 -547.531494 4735.251953
-3672.312012 3261.176270 -2429.187500
228.940079 -3488.852539 4267.130859
3281.338623 -556.867188 5617.887695
2005.088257 -1577.850464 -3924.476074
3309.198242 -2801.577148 -2149.108887
-3392.575928 -3649.585449 -2138.541016
354.689453 -1357.549194 -5400.008789
3141.521484 -14.307426 3925.982422
-5846.043945 -2162.347412 4214.748535
-2271.349121 -5231.900391 1718.866333
3597.457031 -5719.550781 3370.970703
-1552.311523 339.193970 -3041.493164
67.674774 2953.852783 3402.286133
4530.628906 4406.678223 -1964.184082
-143.470947 2258.326172 -1472.425415
-1663.940796 -890.450256 -6616.763184
675.708374 -3631.459473 4972.095703
-349.595520 -6866.721191 -1826.325195
-770.156128 -1438.986816 975.932129
-389.001892 -2149.855957 -5852.721191
160.216949 5721.989258 231.210144
3927.688477 2782.057617 1619.761230
-2846.295410 3679.541504 3819.585449
5071.280762 -2042.204590 -1265.706055
4801.026367 3385.836182 -1603.770874
-3203.914551 -690.317627 3036.054199
-7180.628418 2115.449707 -953.767334
3492.199707 -3127.744873 -3990.875977
-1685.114258 -946.482544 1824.230713
-4479.621582 -2461.353027 3284.539307
1926.802246 8.158058 -3875.924561
-1544.837524 -964.224243 -1347.497925
1206.285889 -1551.119385 6657.470703
-3565.555420 839.534912 829.702515
1921.861816 2400.197266 -668.006470
2480.543945 4918.328125 -3333.442871
1292.008667 943.713257 242.973633
-1272.980347 1625.584229 -3496.046875
-7274.470703 -2197.061523 2159.459229
-3126.019043 242.098511 916.162659
320.778076 1927.943848 5809.647461
1707.154785 5145.090332 3190.296631
-360.733459 -4066.475098 4286.187988
-1386.253906 -998.386963 6328.749023
2027.497070 3802.500488 2097.750488
3093.770996 406.011902 -457.925232
5271.368652 2306.735840 2229.708252
1357.436768 -2764.730957 -272.798950
1507.637207 4352.248535 -2912.561523
3387.359863 3779.246094 1654.271362
-7235.978516 -1508.149780 -148.696716
-3023.960205 1216.162964 -3634.167969
4316.183105 -1288.882812 423.358459
959.552185 -4956.643555 3405.594238
-6513.525391 1185.636963 -541.145386
-963.198792 3570.028809 -1491.273682
-453.926270 -2059.548096 5054.267578
-699.872498 -2306.981445 -1021.811096
3794.977783 497.852783 -3432.791016
3517.706543 -1300.721558 -4073.565674
5267.759766 2435.020020 -1089.148071
4933.754883 -1147.552368 -1598.443237
-595.710815 564.058350 -2872.741943
-1085.992188 2391.603760 -913.198608
-3480.640137 -2523.603271 795.379578
15299.911133 10761.232422 12436.118164
3735.923340 -3329.367676 3056.266113
-5773.740723 3956.636475 2782.280762
1258.403564 2243.182129 -3001.360840
-3084.544678 -1739.300537 2701.953125
-2682.259766 3327.947754 -4710.958008
6490.959473 -220.204773 -1235.634521
4920.663086 1101.566406 -3100.534180
-1109.138062 -4328.804688 3313.667480
-2057.302002 2867.332031 -175.251190
2969.485352 464.821533 -1279.706787
3012.275391 -432.876892 -1660.982666
8016.401367 -6242.736816 2648.611328
-431.991821 -2326.911865 -1735.146484
-2401.204834 -5145.517578 -980.320496
1232.514160 2800.506592 -891.618225
2388.958740 2626.375732 2897.038086
-2039.761719 5414.932617 -401.531677
-3353.922363 -3058.739258 2173.224121
-1275.877563 -288.997742 -516.300842
-1041.603516 1474.871460 -6318.899414
4222.013672 -2541.212891 -223.827759
2239.368652 -1540.096436 5383.462891
-2288.851562 -1972.814819 6563.816895
4656.110352 -1773.823730 1962.161865
-5029.941406 -3256.972168 -1317.922852
3.523956 -1481.773438 -5161.119141
-738.432373 -47.629883 3140.955811
740.869141 -3399.975586 -420.287231
-1177.452148 2395.512207 4037.191406
3040.188477 -3575.410889 -794.887207
759.777649 -2685.883789 5465.585938
1908.957764 1302.390747 -5510.538086
-1157.797607 -1179.535156 6692.062012
5000.912109 -1822.075195 2205.852295
-4784.306641 -2509.361816 2400.546143
-1502.795288 -6299.367188 294.991577
-1066.098267 -4646.835938 2894.442871
-4104.636230 3032.963379 -2292.291504
-1731.066406 -1279.318604 1318.072266
-599.764221 4167.919922 2341.032715
3947.480225 -1097.402588 -1330.865601
-1386.541748 -23771.519531 15029.678711
-617.203552 -65.309509 4003.547852
-2289.044434 -86.711060 6266.655273
-5026.672852 -2715.149902 -1527.401978
-3816.491211 -4141.402344 814.207947
-875.920593 -808.835938 3263.902344
3026.370605 4236.188477 -2369.948730
-3696.179199 -2704.010010 1631.263672
3008.126953 -262.116211 -1212.000488
-3920.696289 -2821.368652 -3014.136230
-2639.934570 -3761.309570 -1622.369507
3836.305420 4177.570801 963.984436
2411.676758 2589.526367 -5186.575684
2219.851318 -5017.713867 -2215.226807
-1447.659912 -2143.742676 1505.866211
-603.624878 2249.561523 -4885.924805
3312.241699 -662.269165 -2861.988770
-1302.156250 124.504822 -1383.878418
4197.766113 -767.956665 833.194397
3626.510986 4488.053711 453.598694
3542.818848 -631.947327 3812.958252
4147.668945 -304.347412 4974.580078
-2159.199951 -5825.817383 452.235870
-2842.102295 3087.710938 3364.463867
-1841.653809 -2542.807129 -3090.091797
4441.808594 -3419.066895 -265.760773
891.352295 1705.478271 -5824.800293
5007.685059 -1953.471069 -1346.012451
-2965.137207 -1247.301270 -2950.036133
2871.729248 6714.228516 -1620.712402
2052.415771 1459.194336 1542.525146
1089.693726 1619.133423 2654.136719
-3171.582764 995.814941 -4486.789062
-4696.148926 2739.097656 -1678.916626
-1358.453613 -1796.103882 4838.831055
3276.368896 5006.331055 -1315.461182
-6233.165039 -2075.636963 -2085.945312
-3780.537109 -979.973877 3351.283203
-3866.233398 832.671997 4988.262695
-507.270447 -3903.322754 2234.092041
189.191040 2855.890137 5970.820312
4992.728516 -3425.713135 -3496.323242
2541.203613 2313.811279 3687.847412
5546.075195 -388.915009 -358.274597
-1870.580078 164.000015 -772.331787
3746.445312 2351.666504 -3789.144043
-1175.704590 -3077.651855 -4914.512207
-270.181000 -4929.879883 905.328064
4069.163086 3761.750488 1874.439941
5908.856445 941.759460 -1414.752808
-3784.839844 -3873.456299 2310.854736
-2630.785645 1426.291016 5989.483398
2812.821533 1881.162109 1751.250000
-3086.778809 -2576.508789 -1665.951538
3600.766357 -1877.030029 -1011.451782
2830.253418 -2560.104492 624.015747
448.559265 5351.272949 -106.108337
3266.172363 1667.615723 1862.261475
-4614.344727 5268.345703 1322.368530
1251.547119 -5862.296875 -634.335144
-4155.340820 1562.262695 4890.414551
-989.987488 1474.114258 -3378.522461
-3125.359863 -614.408630 -5654.844727
-630.668823 3090.611328 1365.762939
5008.564941 -1649.425293 3248.865723
2134.163086 -323.721588 5450.276367
3719.247803 -581.406128 3985.412842
-697.460571 2933.953369 2283.660645
2592.646484 -3682.232910 -4696.935547
8377.188477 -5882.044922 -7768.111816
-1336.521851 -2309.721191 -2555.928223
-3216.998535 342.827606 -1529.857788
518.426392 5043.395020 -2187.071777
5106.130859 -324.516907 1169.069824
3524.572998 -1280.697510 -1849.834229
729.135498 6443.777832 426.116455
730.674805 -2541.561523 -1274.156982
-740.635071 114.434021 -5266.193359
-2607.661377 254.814896 580.436340
4130.389648 -5726.731445 627.596680
2439.903809 -6440.483398 -2217.924805
3124.758789 3506.574951 3435.655762
-574.671753 3900.116455 -5156.800293
-9581.236328 -3066.042480 -97.478027
1234.532227 4880.707031 -3397.615479
3370.963135 4026.254150 1433.112427
8492.642578 -3489.821289 908.117432
-2581.363525 -1568.219727 -2491.064453
783.717590 -4526.442871 725.047424
3374.078369 -5851.137695 2761.508301
5772.507812 1481.414917 586.354492
1481.323242 -463.782684 -4124.715820
4185.396484 -295.612305 3600.508057
-2687.984375 3091.093262 2597.033691
607.845154 -1654.134766 -3226.301758
-1249.859375 -3236.062744 -190.668365
4278.480469 3046.493652 2624.186523
1554.540405 1580.803345 2082.576904
-361.934143 -505.245117 -2183.965820
-2030.799072 1484.104980 1329.417358
-1423.280029 -1212.398560 819.329590
468.027222 -1667.289429 -2028.623047
3487.996582 -182.575226 -4024.841797
4362.286133 -3161.228760 2474.411621
261.190491 687.040833 7041.219727
-4054.915283 175.693802 -4676.366211
1687.364868 -2968.126221 -4957.068848
851.647217 713.533325 -3481.293457
-2487.133545 -5658.639160 -746.023499
1221.309814 1097.921753 -1779.757324
-3784.763916 3628.788086 -1445.739380
41.682495 1042.580200 3209.783203
-1356.174561 -1589.390625 4438.649414
-3247.964844 -583.429443 -5036.120117
-2909.130859 -5593.478027 -2229.676758
7629.143555 2462.401855 16140.265625
-1955.392944 4424.134277 215.883926
7221.768066 2459.217773 1547.546631
-247.589615 -2914.355957 5148.533203
-4051.705566 -2644.750488 1671.613525
-2666.426514 728.773071 3946.283203
3477.581543 4801.395508 -3160.654785
-4929.460938 -2839.973877 -1047.333252
-1295.845093 -6088.077637 2189.458252
5101.045898 -947.068726 1456.457031
1201.385010 7715.672852 915.649170
1369.698364 2622.033691 5113.335938
148.408112 -4388.129883 1081.846313
-1202.402832 -6581.929688 2676.100586
-831.591614 -3546.301270 -586.763428
3024.322266 2427.888184 -2460.265625
-2871.707520 -4319.547852 -3163.577637
5205.800781 -3712.287354 -435.666229
-2551.995117 5338.297852 1631.592773
-2650.581055 -1844.724487 -1048.250977
1253.436157 221.542542 -5175.179199
-59.395798 332.273712 -1513.197510
257.753845 154.767029 947.998352
-2497.248535 -2909.484131 -4020.833008
-696.222778 684.898926 -2660.890137
-3073.924072 -235.069611 -2366.614990
-2085.872070 -1594.921021 -2896.929199
3176.777832 -569.908813 -1322.791016
5415.431641 -2203.822510 -217.661789
3771.147949 -1724.825195 -1874.547363
-2498.486328 -882.874146 -3821.193359
1160.728394 -1504.071533 6986.854492
-1864.239746 -1604.824097 -463.255127
-1432.624756 -2055.505127 -1430.048584
1875.373047 -5377.964844 -2035.521118
-3429.240723 -2782.211426 -1861.131104
-2838.966309 -1704.927002 3063.139648
-640.417786 -2234.037109 -736.349121
-3520.063477 4930.198242 1541.719482
-221.674133 -6.669098 4514.133789
4202.511230 -4100.604492 1761.733521
4465.229492 4404.837891 580.402588
4387.273438 -857.522461 -2579.910400
3954.514893 -1100.451050 3392.950684
4215.651367 -4594.380371 2105.473389
-3954.622559 1724.499878 621.593140
-77.242859 1159.238159 -7454.281738
1933.807251 -2217.696045 -3625.114258
-858.571289 -803.021118 1881.249512
2901.156494 -2706.817871 255.873215
-6571.251465 -1126.021729 317.848846
-2055.374512 829.722900 -6539.494141
2127.455078 -4830.503906 -2968.631348
-2744.511719 -414.743408 -4549.538086
1695.032959 -3245.045410 5008.416016
2968.762695 1302.837280 2113.458496
-653.096680 -3254.420898 2221.635010
-2348.870117 3284.748047 -2341.587402
-2706.829346 -134.266083 -2104.707031
-4978.358398 -2627.151611 1780.125732
771.597412 -3397.394043 1911.756104
-2966.596191 1359.809570 -4901.361328
3594.633301 2597.148193 -3313.524902
-2488.183594 -1276.108032 -2644.388916
63.465820 3188.262207 3934.413574
3920.780518 23.780273 -2987.873291
5464.899902 2244.752930 1410.203613
3565.121582 1706.062988 -2135.843262
1341.057617 -734.789612 -4336.863281
-891.164856 -2224.125000 835.618774
2921.883301 1368.374268 -3722.795654
-1399.853882 2962.534424 1212.977783
-3047.410645 -567.993042 -746.813477
-4224.785156 -2555.619629 -1533.976196
2300.060059 3093.973389 -3965.942139
-1276.747314 15.492218 -1413.809326
5277.063477 -2040.535400 1687.801270
-3212.537354 516.612793 1974.909668
5110.606445 -2166.880371 1867.570679
5030.036133 -1280.753662 1930.026733
1312.293457 1600.502930 -3678.374023
-1674.167480 343.287659 -1919.830444
3857.277588 2551.806641 3866.717773
2125.615234 768.646301 -3336.866943
3922.908691 2058.210449 -3370.927490
-5241.361328 -1998.456299 2868.325195
1319.306519 3227.512207 3555.063965
2199.207764 -2947.670654 1999.952026
-1229.755981 2311.475830 1279.786621
-2819.078613 -4288.936523 2096.752930
-1244.384766 2740.995605 5760.505371
-2450.755127 2841.343994 747.872131
2086.819092 4438.915527 5137.890137
-1125.475098 -10588.917969 3039.319092
82.697464 5845.869141 -995.652222
3817.093262 -986.713257 -2017.159424
-740.316467 1023.188904 5297.064453
4880.316895 796.063965 -3730.735840
2537.544434 -481.123138 -2594.095703
4709.023438 2607.612305 1469.313354
-4112.811035 -2304.940918 -3077.645996
-2956.883057 -2465.374756 -5469.779297
-1704.737549 -2029.990967 -3544.435547
-1676.593384 -3150.506836 -5020.168945
-1404.403198 -1756.167725 -1845.685791
-3052.014648 182.737000 -3974.501953
-2105.953125 -5160.973633 1940.559082
-962.229736 -2208.113770 -5525.432617
-4079.674316 -1555.036255 -468.545166
2817.350586 -4849.937988 281.350830
-1263.814453 -3490.113525 100.453079
1795.838989 3180.134033 -3705.347412
896.583191 3852.373779 -3967.301270
1538.013672 -2738.733398 2295.413330
1906.791260 4572.020508 450.441162
-17.718689 -3178.123047 153.312775
1589.079346 2794.333496 1924.559204
-2523.542969 1770.202881 -3932.594238
-8129.066895 -223.939941 -5359.660645
5133.334961 -2394.401855 291.545532
163.406036 -866.285400 -2343.677734
-4462.921875 -3469.425293 -2192.439453
-2610.730957 -3390.597168 133.948486
-598.074097 3779.033447 -2069.382080
-4174.101562 2814.074219 -1611.940674
-6159.491211 2251.024902 549.537903
-3420.265625 -3268.705566 1907.112183
-245.531738 -980.992798 728.411133
2154.571533 5382.677734 2343.439453
-139.382309 -1251.295288 -1370.729858
-2890.891846 1458.075684 -137.256165
5559.027832 2006.938232 821.161499
1499.863281 5623.846680 2717.472168
-1485.281616 -1506.607422 -5169.311523
-5665.152832 1178.807617 4335.459961
71.565765 5968.240234 1158.698486
1625.870117 620.449219 1962.790527
-738.956909 -3635.086426 -2748.209473
-2408.615234 -853.824219 6465.584473
-1740.401367 -141.031036 1318.669067
8425.419922 -2994.541016 -719.451050
-1130.559326 -1593.781006 4155.954590
-836.836121 2031.583130 933.459351
-1575.721069 5317.699219 -2916.600586
2767.940430 -1435.143555 -1708.146973
-913.332520 150.356934 -6904.027832
3288.200684 -45539.835938 -4296.660645
3069.735840 2209.715576 969.655212
2892.249023 1725.019043 1166.215088
-1205.458008 1775.049194 -3226.835449
477.651855 -2570.869141 5924.091797
1331.840088 6646.091797 -2149.853271
-34.480881 -6175.125977 1335.945068
-2358.214600 2097.245605 -4387.508789
-680.014771 1674.283447 3115.473145
2808.448730 1939.300537 -4378.791016
427.993927 4750.649902 -4206.341797
4430.540527 5192.736328 -4571.494141
-5654.074707 -2117.163330 1431.560669
-2250.462402 3207.437012 -3535.262695
-2656.271729 -4343.058105 2702.745605
6755.222656 -2492.036133 -1813.873779
-1414.159912 -6752.739258 738.939575
2123.505615 842.408325 4205.082031
2772.229004 4426.693848 -2945.124268
-2367.724365 259.764984 1047.206177
-300.974457 -3913.343262 -4950.117188
-1157.874512 -4065.030273 -340.311218
435.264648 -4877.296875 1288.437744
31.109985 3503.924805 -1739.803833
-2282.757568 -1040.587402 2235.066162
3613.353027 -1987.836670 2277.429199
-5731.706055 1950.112305 -383.092651
132.745300 -3555.474609 5067.313477
-3554.416992 2541.151367 383.260620
-96.969925 6504.791016 147.394409
2361.491211 1314.091797 -2407.772461
-168.206665 4484.860352 3876.341309
3469.985352 1625.173584 -1458.540894
3092.708984 -4053.228516 3584.503662
4439.594727 -3360.336182 1100.585693
-643.758240 -4520.783203 -3210.707275
3358.589355 -2964.519531 3035.335693
-3674.920898 -2646.142334 2341.133789
1300.870605 -4916.867188 7934.333008
-3330.230225 2099.328857 1514.580078
4561.789551 -848.019836 3641.554688
584.319214 2816.408447 -5889.424805
3881.812500 -615.753174 1494.498291
2620.539795 2110.541748 4825.268555
4268.640625 -823.282104 -1200.713501
5479.435547 -27.207550 -1008.306885
1861.458496 -4126.480469 5015.114258
1692.200439 -325.409912 -5651.308105
-4053.072266 -3673.985840 885.942017
22167.478516 5048.794434 -3526.507568
5389.480469 3237.399414 -244.226227
627.148315 4676.580566 -3509.408203
550.502075 -4350.453125 3769.553955
-834.081421 3907.946289 488.752045
2675.239502 -2028.116333 -4930.991699
1669.885986 2487.234863 -1258.720337
5685.778320 -1200.209106 -423.702454
2810.358887 339.927338 5341.713379
-2523.563965 2672.270264 3014.919434
1235.592773 -4424.434570 -2775.246338
-4162.096191 -2246.046875 -1880.609863
-370.178345 -5845.976562 -202.142487
2318.680908 -1396.278320 -2481.927246
5622.563965 1640.294312 1554.175537
-3408.867920 1282.931519 -4554.537109
107.868774 -3218.683105 4846.082031
-5170.817383 1178.774902 2421.190918
3070.473877 2360.930664 1559.516479
-1966.368896 -5883.358398 -1561.414185
-981.874512 201.378326 -4133.221680
-2740.140137 1316.675049 -4702.680664
643.706360 -2282.875977 -5170.113281
-2106.236328 3828.840332 -1110.491333
4387.862305 -2177.545898 1705.588867
-1821.593506 -5326.362305 2354.427490
2941.782715 -1324.935547 1124.890869
2248.182129 5279.848145 2071.943848
-1418.143555 -777.916016 4845.010742
229.870346 1866.277222 1361.177856
-3207.785156 2243.700195 324.010620
1602.660278 2766.566406 -157.616455
4129.948242 2113.941895 1615.162720
-3359.378174 -3529.265869 2737.372559
2346.348877 2612.663574 -894.165894
-288.112671 -1874.701294 -4956.318359
2844.086914 -1434.498779 -876.447021
-720.816284 814.190430 2621.516602
-1218.684570 -1435.402588 -6434.443848
263.466095 1345.268433 -4312.018555
-2811.371094 -154.838943 -2826.343994
1966.327271 -372.557343 -3857.546875
2063.673340 -376.891510 -2599.796875
-2768.217529 -4081.489746 1059.222900
-5709.512207 2658.284668 22.849609
75.173813 -2549.158936 -5870.410156
-2970.490723 -715.664856 -387.429688
220.785446 1082.821777 6300.415039
-724.260498 -4484.528320 -3750.273193
-3663.561035 747.003052 393.306091
5858.544922 542.799438 647.880493
1709.804810 7147.866211 -2561.211914
165.487549 380.076385 1626.150635
-910.028076 -179.847076 43.509369
-638.538208 5222.165039 -4070.787109
4791.613770 -23.942055 2955.990967
96.534576 2187.738281 -4416.393555
1015.696106 -1363.404297 3107.475098
6200.138184 341.338440 267.796143
-106.662003 -6823.037598 -2208.271240
-5669.361328 1569.920654 -2269.588623
-74.494446 -688.075928 -5980.732422
-1011.111450 -4869.544434 -2414.819336
5348.931641 -3144.821533 858.796021
-3960.406250 -1669.627686 2836.893799
3278.960449 4560.473145 -8.341324
5150.069336 -1719.609253 -57.005600
-2913.208008 1021.052368 446.081848
3810.184570 -3283.174805 3118.180664
4464.354004 2274.531006 -1060.020020
3316.188232 -1528.477539 -1731.463135
-2517.143555 2159.504883 4528.191406
-113.648499 3247.711426 -2900.782715
1261.267090 223.273743 5412.163574
-974.581299 3034.457031 -1944.640991
3285.731934 -5525.651855 -492.270569
2640.765381 5116.699219 1682.089355
3597.524902 305.600708 -3983.062988
-1537.621582 5033.053711 -281.868408
1334.838135 -3612.530273 3780.260742
-2139.181152 -2586.105957 4560.011230
1651.275146 1032.307129 -4288.606445
189.142853 -1446.768921 -3296.965820
-4820.076660 1538.539551 2701.527588
-1529.877441 3184.411621 -3950.777100
5112.894043 2326.883301 -2487.599609
2145.816406 1727.958496 2805.817871
-135.027176 -2963.472168 5299.333984
4022.698730 83.345230 -4366.532715
90.540009 -4220.230469 -1715.693604
1949.833252 -3711.992676 -2120.501465
510.323914 1414.665283 -3694.816895
-2957.064941 -2200.264648 -5436.939453
-151.176605 -3102.755615 -4439.796875
775.705933 4309.677734 1069.027222
-1487.599121 4186.799316 -2591.766846
6476.034180 1105.464966 -1344.243286
2824.434570 -3716.470215 3958.559570
-2569.841309 1532.135864 -4303.740234
-361.815491 4876.151367 4011.622559
3680.071533 -1018.266235 -3067.937012
1196.812744 850.587524 -2826.096191
-1063.036133 -5864.791504 -4340.499023
-1611.793213 -6084.492188 947.929199
5392.696289 2770.985107 -940.574158
-1251.028931 -2451.268066 -6029.356445
-92.300293 -3697.412354 3147.956055
-1732.210449 6117.607422 -1150.071045
-3685.398438 -589.115356 -3522.831543
514.207153 -2911.677734 -855.542053
-575.230469 5466.912109 1878.100708
-895.214844 5582.007324 -3325.865234
-2245.226562 -3196.729980 3109.387695
-4886.830078 3817.252930 288.012451
-4125.766602 4181.235352 3088.493408
5773.836914 -73.913025 -2673.072998
4524.818848 537.292358 -1172.351196
489.787750 -2472.074707 -5062.151367
-2713.146729 -4259.665039 -95.789040
-3038.037842 1667.145264 4427.577637
-856.905334 4803.275879 -4920.854492
-1488.408936 -5366.141602 1015.492249
1091.048950 -3576.867920 2768.271484
-5.531006 -1550.699463 -5851.973145
-2467.514404 4097.481445 263.987640
-997.674316 3941.795898 1102.952637
1913.876221 4434.743652 730.166199
4512.222656 -1187.952637 3147.366699
-1609.217041 2083.771973 -4519.279785
4335.110840 -1526.571655 1633.202881
1323.004639 -111.673447 -3758.102295
-3597.592285 1963.801392 4457.834961
-2283.885254 -214.243210 2801.165039
-2209.938965 -387.515320 -1827.148193
1924.135010 -49.350586 4608.307617
-1938.847168 3026.338379 -2685.414062
-3798.584961 -2703.926270 4997.140137
2374.223145 -664.425049 -1206.845825
-3855.789551 487.305756 -4814.104492
1961.890503 -495.377655 4770.108398
-2490.311035 3968.125732 1847.531250
-2244.656250 -412.779449 5969.819336
6440.968750 -375.877350 1752.432861
4094.457520 -632.897949 1813.287720
-1553.340088 1438.968872 2302.554199
1810.295898 1622.600952 5128.777344
955.675720 -4401.349609 -3972.702637
1793.700928 -650.091125 -2439.752441
-2933.419189 1673.928833 2166.318848
560.384583 4931.026367 1970.479980
-4331.250977 -3304.932617 2572.372314
256.090607 628.975220 -62.006958
598.840027 6347.526855 -4395.771973
-7887.666504 -2524.876953 -1106.263184
-3473.137939 2032.021973 6576.398926
-2396.041504 3781.752930 -2224.131348
549.736938 1274.593384 1400.883301
-6605.676758 3542.804199 3010.570557
2233.254883 -1519.505737 -6740.434082
2861.302490 -4606.305176 3147.228027
-1240.671387 6513.366211 -244.975952
-1663.182617 847.186829 2091.139648
545.533752 -6342.426758 1142.287109
-5477.224121 -5693.042969 9444.070312
-4491.341309 2965.377686 -4276.150391
4598.427734 1447.542725 -647.703491
-112.963280 -2693.617920 -4798.333008
4587.670898 1690.332153 1228.052979
1009.368042 -858.205505 -5360.876465
-1548.977661 5850.269531 465.705078
-1642.889526 -755.147217 4132.921875
1884.883667 115.143982 2810.072021
-3906.411621 2243.915283 381.395691
-88.509155 -4060.252197 4135.196289
4116.609375 187.164368 -249.942078
1066.932861 -2957.962646 3181.191650
3696.732910 1152.228516 -2723.835449
-3129.582520 -4012.405762 -1700.016968
-3714.058105 -877.177002 4385.227051
-140.737305 -2327.931152 2158.397705
-1277.847412 179.932251 155.818527
4707.696289 1564.517822 -4346.519531
6288.092773 577.614258 5367.272461
3789.171875 -3862.454590 433.018463
411.599365 -244.759033 -6830.765625
3496.457275 -1563.710205 1489.295166
3208.873047 -806.031372 4512.040527
278.699799 1996.741821 -5117.566406
-1636.867432 -1058.778076 4824.603516
-1444.701294 -5626.744141 2251.810303
1551.285645 -2799.794434 4176.985352
-1246.501343 -2552.626465 5596.314453
-716.561401 -382.682312 1214.302490
-4091.092041 2772.921875 1563.811646
-3584.722412 2826.660645 -3199.860352
3582.477539 -605.829712 4451.955566
-560.018555 -2791.725830 -3551.869385
-5415.345215 -1659.156738 -2847.922363
704.491943 -5294.183105 -2154.080322
-4916.342773 2870.284180 2711.643555
-3915.344727 4280.460449 968.263855
-5316.379883 -1609.321899 2217.440918
995.801514 901.024658 -2892.825195
-4192.397949 -6347.916992 -117.818542
-1387.042114 1312.068359 -5037.019043
-814.899658 3263.432373 -5118.327637
-3178.109863 1148.804321 1237.670288
-697.285522 2725.647949 913.527100
4923.634277 -250.777939 384.000031
-2409.411621 2755.201904 -5510.033203
-752.580566 -4393.422852 4152.060547
-1932.187622 -4983.169434 1175.643066
2708.336670 2317.748291 1639.711182
764.624939 3010.142090 1864.365723
-1486.166382 5917.383789 182.834412
-2184.187500 3345.214355 1950.547119
1390.560791 6033.830078 360.171448
3506.895020 975.569275 -4203.534180
-5147.450195 2412.035156 2019.707642
302.523865 -3977.973633 -3759.420410
178.550903 6126.235840 1164.068359
-3562.062012 -1583.695801 2704.786133
-1350.559570 4767.975586 -2570.691406
-4528.748535 -138.844238 4014.903320
-1571.865723 -900.664368 -3755.768066
1239.240723 -5009.499512 1656.281860
2683.750000 1089.735596 5338.170410
1417.906006 -1566.718140 3713.802246
2569.923584 3588.190430 4262.902344
-2424.531738 -2947.952148 3710.338379
-1553.202881 -1077.750610 -5610.130371
3243.512695 2249.912598 -1424.951660
-3365.230469 -2560.505371 1675.378052
-229.710938 -2127.528320 -5777.048828
2026.018677 -3314.260254 2092.608154
869.652405 -1213.105713 -2623.646240
-117406.632812 -44639.855469 75964.640625
704.154663 4265.569824 1964.705811
3933.706543 570.472473 4123.819336
560.336548 -3107.803955 2486.758301
-436.307587 -5533.995117 86.831787
4996.022461 1702.995483 -26.125122
-534.805542 3938.904297 1335.881958
4117.255371 -789.241577 -2232.391113
4604.105957 1384.815918 -2750.658447
3659.907227 -322.758423 685.269409
837.256165 -5087.377441 692.187805
2102.349609 -3980.570312 -2489.429199
-1348.903564 5597.238281 3318.271240
-1211.208496 2932.130859 2034.610596
-2935.422852 1855.442627 4299.151367
5770.603027 -0.702545 -696.685425
-3136.033447 3464.900391 1973.586182
-38.195801 228.834717 1028.015869
-6091.434570 837.016235 320.922058
-5275.676758 1989.818604 -2675.829590
-53.298187 -706.459900 -4884.267578
-767.111145 715.372681 2661.266357
-2729.404297 264.147339 2429.312012
-1662.561768 -1675.152710 1086.414307
3813.732666 -150.178040 3852.182129
3917.130859 -703.364868 4024.307617
2981.003906 -1521.400146 2159.473633
-5043.554688 -3301.344971 -745.869141
-5028.668457 -2864.525391 1582.475098
-2045.259766 3658.354004 -1940.256348
-441.116638 5972.498047 1402.257324
-3019.216309 -462.193909 2962.778564
2351.265869 -609.704102 -3506.950195
-460.616577 1269.009888 243.223633
4439.367188 622.357666 -3034.796143
-2322.161621 -139.906372 -776.020264
-88.151581 -60.308868 -2338.868164
-1086.826538 1042.057739 -7082.832031
957.207886 6270.413086 1302.337891
-749.082458 -809.502075 -584.713806
-1854.110474 2534.229492 -1737.992432
-2777.149902 -307.460297 275.647308
1928.181519 802.368958 -3390.577637
-7068.864746 -2263.241455 2321.091309
-2946.379150 2150.999512 320.736542
4780.883789 1645.237671 7923.239746
3640.433594 3511.737793 -2838.583008
179.952271 2876.709473 1071.017090
2229.673096 4698.309082 2249.255371
-1422.643188 3578.193604 -2805.696777
2553.488525 -2844.146484 -3469.458984
2923.046387 3682.693848 -2842.624512
683.091797 -2807.026611 6128.223633
1928.730713 -281.628479 -4021.111572
2691.880127 -2100.085449 -1061.463257
3382.858154 3948.341309 1133.083130
1189.888916 -2503.216309 958.054199
3520.086182 -2072.255615 -812.996460
2116.199707 -1591.755981 -4550.629883
-1248.145264 239.324554 1247.807739
3955.304199 -992.117249 -1550.762695
662.326538 -3376.834717 -3545.109863
4761.854980 -1862.343994 722.669312
-5703.307617 2475.360840 2028.781372
691.882263 2181.563721 -3051.290771
-58.207779 3090.269043 364.190247
-4578.582031 -2857.181885 -159.171906
1184.341919 3215.514648 -2574.013428
-2117.777344 -1241.649658 -4743.960449
4858.461914 -1473.407227 2886.769287
5916.420898 -176.300354 709.087524
-4999.504883 1676.341553 -3223.725586
-2687.314209 -580.027222 -5280.611816
1360.931030 1802.308105 5257.094727
2503.962158 -4261.351074 -346.669800
2157.443115 3708.969727 358.061829
-1341.201904 2485.546143 -3242.351318
1338.117432 -2562.571777 -1103.845215
-1255.830811 3863.365479 1339.278931
-9761.865234 -5544.871094 686.505859
-1973.766846 4507.331055 -541.699768
-6778.070312 -684.486328 -2839.728760
-1119.846191 -2943.615234 -1773.209961
-2198.708496 4530.346680 -3251.549072
3007.388672 -5062.868164 1589.737915
2176.780029 -4189.695312 3092.741943
-4768.298340 -3570.102539 8260.803711
1787.092041 -81.038414 2051.083984
2188.934570 5802.099609 940.326843
1654.210938 5106.954102 -1393.419434
-128.250916 4564.314453 1796.156738
-4245.186035 2596.017090 2365.178223
39.603065 3029.003174 1744.639160
-4068.800781 -3155.669922 2094.604736
1293.389282 4774.879883 1946.226807
1498.698364 -484.883850 3533.419189
-3493.251465 2208.504150 4716.678711
-4795.093750 -1630.599854 2285.324707
-768.844299 3332.186523 3414.599365
213.178192 698.523926 736.768799
2419.755371 698.388123 -2727.477295
2532.250977 3981.525146 -119.241699
-1810.938843 -954.626282 -2427.733887
1100.103516 3328.877686 -782.831421
3616.898438 -1960.958740 2895.015625
3227.531250 526.653931 -1337.125488
-1182.941528 673.492920 -5769.636719
-3419.613525 -4110.303711 -1095.835693
13416.435547 -5054.893555 -2770.335693
914.887695 -2631.232422 6809.244629
3575.965820 -2360.313232 3282.264893
405.477478 -1828.925903 3960.626465
-3642.981445 2327.626221 -3639.694824
-3292.389648 2299.132080 3605.439453
1753.305176 2203.168701 2239.286621
-4920.530273 1996.932129 -2563.919678
3546.011230 -5239.850098 4286.608398
1038.547485 -1235.001343 4458.345703
-2996.755371 1703.390015 -184.300125
-739.881104 -2462.834717 5176.792969
3030.136475 3303.773926 1477.288818
456.936035 -1608.359131 -419.584229
-1458.032227 1099.798828 1464.401611
-146.585388 1859.613770 1223.520752
1179.632202 -679.852661 -5745.097656
4765.632324 523.006897 3102.102051
2451.834473 -3823.668701 1301.393433
731.008911 -1607.729736 5814.252930
-3493.784668 514.330872 -5397.030762
309.668243 -5699.583008 1788.809082
926.104126 -3468.624023 1771.493286
604.544678 -6816.091797 -80.250000
-1171.713257 1320.800781 -3452.607910
-2848.162109 4448.052246 2963.065918
5626.637695 -1400.669678 -3052.137695
259.683899 3901.949707 1949.492188
517.753723 -3648.932617 3612.433350
-11.054108 -2215.890625 -5352.243652
4277.256836 -3310.790771 -406.493744
-1537.177734 5310.273438 -179.161636
-1917.187866 1013.829529 2461.034424
-994.007019 -877.537109 4664.252930
695.703979 1863.271362 -4729.742676
-3175.570312 1675.600586 5187.969727
1468.435547 -534.804321 -4222.544922
-96.389450 4316.973633 4364.128418
3838.471191 -2930.403809 -1104.248901
-705.800293 1358.317139 -5591.650391
755.303955 -2315.917969 -4801.918945
237.675613 -4640.283203 1429.960938
-1727.507812 4958.070801 510.025208
1712.068115 2729.680176 4793.694336
3193.202393 -1896.400879 -278.614532
173.013916 -4434.285645 -3798.295898
4518.930664 454.593414 -796.961548
-2105.528564 -543.931763 -1930.821289
4294.582031 1890.658936 -2457.527344
-384.428009 -2057.970947 4763.184570
1935.071289 4648.708008 562.989746
7858.197266 -308.243439 1807.235718
-1064.478638 -727.689697 8103.101562
-3044.927979 4442.365234 -1749.301758
4740.525391 -506.606506 -4019.437500
-269.795166 -363.458618 -2197.427734
1948.846680 117.183594 -5306.503906
50472.996094 22495.035156 -35862.921875
-4136.135742 -117.182358 2679.087891
2233.505859 3839.643066 1821.082153
2195.937500 4147.167969 3371.925781
-3387.136719 3342.860352 4505.234375
1078.089355 665.812073 -6461.177246
-4769.105957 793.358398 -157.277588
1416.630615 5613.330078 1280.397705
5027.843262 5316.472656 -258.035004
4930.326172 3610.048340 1.632851
698.340942 2889.992676 5632.636719
2835.517090 1411.655029 -1746.610840
-4548.324219 957.484802 1123.682007
1243.954102 -876.998169 4430.702148
3823.763184 345.048279 457.027588
3629.354980 1881.761230 788.162354
2202.342529 -570.149048 -2687.505859
-660.220215 3016.977295 4123.973633
-3895.719238 763.478394 3829.902100
2136.863525 -3213.608398 -3091.427490
-4730.797852 -3502.495117 -648.877136
421.698669 3512.945557 -1530.595581
-984.950684 2636.161133 -4398.750000
1491.192139 4970.703613 453.490845
-3673.755371 -3890.349609 -595.993042
-4693.715332 -3092.715820 -2086.016113
-3655.967773 224.703247 -3126.133789
-767.721802 -2549.898438 3310.570068
-2390.638916 -5419.408203 1416.539062
-5798.485352 569.443726 1486.267090
4234.210938 -2019.513916 -185.090271
2637.762939 -1673.171875 2682.204102
1077.025635 -4693.274902 -842.860962
-2243.437988 -494.450684 -5622.112305
22370.816406 36324.554688 10273.182617
629.836609 -783.560303 -2941.535645
-822.325623 8073.830078 -3139.693604
-8673.146484 2525.898438 2739.195312
3362.831787 637.531799 1243.050049
3842.705078 -943.315186 2390.451172
1196.885864 4287.329102 -3415.503662
1010.106812 772.404419 5343.361816
-1241.212891 -3760.238525 4820.202637
5703.413574 5055.609863 -254.321167
-3665.018555 423.792084 1178.622559
-4663.816406 -2930.509277 4783.935547
2945.251465 1267.692383 -3275.180664
-2153.708496 -3720.248291 -3607.944824
912.730530 3247.294678 6565.291504
-6221.314453 -6053.322266 1247.047485
4792.846680 -1815.492920 -1578.321045
-2081.495850 1135.098755 -3286.595459
-2031.781616 -1403.259277 -1508.138428
-3195.201172 -4302.898438 -45.433029
1577.849854 1338.636719 -3992.685791
128.480621 4009.112793 3279.532227
-4875.336914 -2094.065430 -3196.402344
988.312927 -2958.245117 -4809.184082
169.489563 3275.628418 -5888.442871
5994.346191 -1185.331177 -415.638824
-1175.694336 1910.577637 -1195.884521
3656.902344 -2323.583984 4081.673584
-1946.026733 -2335.166504 3982.729980
2473.585693 -2853.601807 5224.841797
1858.198364 -470.198792 -4793.441406
-535.743713 785.417236 -6109.474609
-175.256393 124.010361 -98.787918
1535.293457 537.705872 -3139.518311
5001.354492 -1128.084717 2546.626465
883.420288 4580.076172 -105.217957
-2740.900635 1176.381958 3423.201660
3494.091553 -2146.449951 1668.181519
-3488.431152 1494.772705 2711.180664
-1549.106445 -2799.525879 4159.270020
-4942.863770 3291.438721 1076.785645
1787.953247 -312.591736 -2985.177734
4734.024902 -2876.891846 71.191956
-4091.874512 -1708.502563 -3792.019531
-2152.509521 -799.140137 1344.667114
1842.804932 3758.582031 -1726.527954
3474.840332 -2176.623291 3135.127441
-3238.090820 3055.379883 3327.107422
-3876.637451 -3444.255615 -2156.222656
-4701.191406 1882.614014 -3034.254639
1413.696289 -358.211273 -746.320435
8973.173828 -5474.806641 -863.996216
1008.234741 -4982.815430 -425.919922
6059.285156 -2807.533203 2970.982666
4585.798828 -608.773926 2581.958496
2500.353027 -1800.932983 4484.619141
-4232.827148 -2222.802734 3393.917480
-1226.494751 7541.918945 -681.835815
3489.224121 -3551.387695 2362.368408
-964.489502 4208.078125 1785.703125
-334.512421 -704.523315 -5719.355469
3642.026611 5395.370605 1852.732178
164.130554 -3718.694824 -4608.471680
-4253.943848 2913.907959 -635.304932
-1948.435547 2035.344971 -2817.673340
1986.612549 907.217285 -3566.873779
2457.884277 -6361.396973 1321.213623
6831.174805 2193.020508 771.476929
1383.770752 4269.133301 -41.623535
-3498.781494 618.406372 2672.887695
668.509277 -2272.581543 -1602.239014
6542.618164 379.187744 -195.543610
398.145447 3929.249023 -4652.682617
3044.374512 1912.321899 2258.436523
-1907.266357 157.873871 2340.994629
584.976562 -2154.546631 2640.752441
-3193.491455 1843.449585 1855.020630
-5378.467773 -2141.062500 1907.425171
-5534.414551 -232.080322 3053.311768
-284.044922 -3110.212402 471.734619
52.982117 1654.141968 8044.507812
-8618.313477 323.770813 765.759766
-1766.984863 624.788940 1960.089844
-8165.950684 -678.678162 -2763.075684
-643.357483 2354.116699 5103.228516
-287.409790 3688.605957 -957.694336
-4046.004395 904.692261 1104.396606
-2159.860840 3445.977295 -4664.222656
602.693481 4653.476074 3304.170410
-6459.483398 3142.749023 -1033.416138
2681.127197 2861.986328 -4102.763672
2201.705322 5337.125488 -459.519958
-3430.107422 1931.428711 4169.505859
-4690.780273 -1175.108154 -3456.322754
-3395.157471 -2173.440186 946.841431
538.052979 -1989.122925 -2473.093262
-6726.140625 -1072.731934 2244.634277
-5636.646484 797.195923 214.488403
-3450.314697 -1077.267700 5794.914062
-150.624939 -1056.209595 -5160.533203
984.266724 -241.669983 -754.686096
342.354370 5962.956055 -5442.166016
-4953.011719 1221.166016 1909.543945
6004.739746 -1113.916260 687.646118
-1513.983032 5475.747559 -1361.731934
3266.360840 212.717041 -1615.560547
1455.278076 540.366394 -3387.997070
-1662.820557 5537.451660 667.190308
1510.282715 -203.187744 -1653.185547
5988.839844 -2052.782471 -1200.966309
-2685.915771 4693.905273 1597.618164
808.392639 3491.180176 917.453735
4746.802734 3464.743896 -1602.710815
1227.933716 -2311.038330 7296.184082
95.698151 783.160950 -2299.143066
-5717.587891 -11411.100586 2333.648926
3059.298828 -1155.723999 5645.154785
787.757690 4008.013184 -3522.065186
-272.145569 -855.870239 2410.499023
1165.700684 1648.668091 -3630.083252
-3261.310059 3599.158447 -2166.762939
-213.327423 6850.403809 -220.130722
5034.139648 4731.285645 -118.316162
2733.185059 -4423.691895 -1658.429932
-3758.615479 -1341.593506 -4704.757324
2005.011230 -143.877777 -2120.688232
-4488.724121 3059.707031 -854.258911
-1961.312378 2120.227051 -5872.394043
1208.195801 2969.800293 -1597.282471
-471.769043 4758.873047 3864.626465
2208.593262 -3033.043457 -4195.089844
-870.376892 5351.381836 -507.187286
-6668.293945 -2020.080688 3204.563477
1726.489136 -3587.130127 -3042.914551
2692.560547 -3466.003174 3343.333008
5536.732422 -1925.465942 -47.419777
265.057678 -4515.525391 -3778.902344
4502.093750 -2026.837769 -1660.202271
-562.864868 -6457.893555 -1851.959473
3977.201172 3915.347656 -4299.397949
-4767.631836 2270.276855 2609.251709
-2106.641602 3877.236328 3899.756104
-3332.710449 -906.724854 -4086.079102
-1253.889404 1339.819092 -5370.520996
1498.943848 1136.171875 -3868.189941
-933.983459 -4519.966797 4227.622070
-4873.622559 -816.146484 -2438.153564
-5943.833496 1372.460449 -3294.212891
46.633118 -2746.118164 -4844.456055
-1406.167725 5023.952148 1510.763062
-2621.546875 -2786.747070 -3047.335693
5314.838867 2266.660645 -2426.629150
-3258.022461 3953.506592 -1405.736816
2809.291504 -1464.204834 2602.931641
3687.095703 3184.168945 -2295.272949
-1410.850952 -4623.729492 -363.092224
1743.080811 721.830811 -1997.368164
1200.522705 -1875.156738 -3954.389160
-4798.571289 1293.356079 -72.978241
3188.285400 5691.637695 -2771.840576
148.232040 -2660.828613 5430.202148
-3857.164307 -4039.670654 380.221771
-4069.768799 4110.420898 -2526.296875
-3631.464111 -2727.761230 -2165.332520
1721.912964 -2700.545410 -2621.837646
3404.573730 4030.151855 -2150.906738
-281.474121 -162.660248 -5363.480469
-1290.716553 451.133545 345.069672
-931.358765 -2909.063232 -591.011780
-4894.142090 61488.125000 -619.806335
-2785.656738 3853.965820 -2643.542236
588.371216 4844.359375 -1817.557129
-2606.008057 19.775146 -2739.475098
2131.653809 2967.542480 -288.833160
1637.038574 -3241.896973 -4911.942871
-2075.268799 3357.354492 1189.869873
4307.587402 -2264.027832 3181.475098
-2132.677002 -1740.097656 -1105.773926
632.776489 1457.387451 -2430.501465
-2161.357422 3073.364746 -3067.565430
-799.298096 -154.614563 3920.712402
1667.601440 2167.441406 1962.419678
-206.057983 -32.018814 -5127.064453
-3872.652588 1250.033569 4001.456543
-2924.603516 -6388.148438 -3347.564209
5847.790039 2309.961426 5573.397461
-1923.260254 -1534.886108 -440.676025
1212.404053 4533.021484 2761.775635
5115.153809 -2283.339111 -1453.164673
-1023.519104 1490.377075 -4126.375488
-3456.263672 3750.419434 2774.416016
-2256.106445 2709.979736 4483.131836
4593.320801 4798.229004 -1209.080566
-1862.501465 3357.635742 -3081.751465
2625.976074 2158.755615 2823.097168
-2183.672363 -5386.824219 -988.413635
2018.045288 845.046631 3870.601074
-1753.668823 2687.576904 -4028.104248
-833.277832 -585.146851 -4087.183838
4783.170898 -980.172485 2227.838867
-4901.112793 -1792.744751 4352.382324
-2618.675293 4312.872070 2204.016602
-2607.784668 338.224060 -4747.337891
-2334.034424 -1675.486084 1633.886108
2264.981201 -3702.104248 3165.527588
-250.170837 3076.818115 2459.353516
-1236.626587 -1967.184082 -3367.703857
11651.380859 -2306.153320 -5568.147461
5649.715820 -2094.474121 1732.129639
237.223083 3240.166016 -3009.445068
-861.222900 -2775.970215 3691.447998
-5748.956055 1573.303955 995.826538
2764.574951 2073.051758 -298.412415
2557.186523 126.072998 -2649.384766
-2797.859863 -2883.971191 -2326.320068
2339.569336 -2505.480957 4474.618164
1749.486206 5593.966309 -1948.969482
1508.575562 -2404.063721 2325.139160
4056.615723 -946.071289 7935.218750
408.298065 -1771.528809 -3047.384277
4701.937012 -1181.952393 1726.854004
5628.839844 2061.884521 -415.229309
2770.079834 -773.970032 1825.088135
-3691.914795 4401.284180 -943.794556
-3780.567383 851.704041 3695.355469
463.608276 -3968.593994 -3077.325684
3663.811035 -2143.677002 802.195190
2445.353516 -3987.414551 2113.242188
-885.520874 -5082.261719 1802.556030
-1302.383667 253.993286 2439.119873
341.062653 -6200.927734 629.524902
2995.032715 -1525.920654 -4432.043945
-5438.972656 -355.308990 2011.508301
-384.304077 -3148.100586 -4643.316406
-3883.345703 151.987762 3334.520508
-770.366150 2328.467041 4635.820312
239.847961 -1075.129395 -4332.993164
-2988.367188 -3967.637451 -2096.250488
-1253.090820 6512.335938 -1228.293335
3753.909180 3623.884277 2269.201172
-2664.210938 -1320.472046 -4196.509766
-4321.776367 -2587.772217 3263.424072
-3094.302734 -3009.281982 -3164.788330
2531.331543 3234.894043 -2750.808105
4538.003906 1306.578735 44.675293
1438.128662 3909.774414 -3089.403320
303.209229 -3005.021729 3933.527344
1065.103027 1664.930908 -1005.397522
3467.535156 -1652.769287 -3561.788086
-1145.282715 1172.116943 685.962463
5837.790039 2269.193359 343.931274
1157.020020 -1046.035156 -4086.440430
1577.736572 3996.576416 3607.912598
2266.005371 -665.895264 -3244.942871
-5003.660156 -2923.267578 2806.637695
4197.775391 1112.448608 1311.514160
-4456.038086 382.289795 3012.322754
981.791809 4133.987793 -3121.755371
3621.481201 4118.338867 1586.311768
-2419.385986 761.529785 -1394.207153
1376.108643 4738.555664 -2865.117920
2508.801514 5696.672852 -147.845276
4026.533691 3849.171387 -2310.733398
163.255524 3693.888184 1275.478027
-2640.272949 3604.866211 3734.640381
91.885773 -697.389648 -6346.042480
985.546509 5449.609375 36.761749
-1630.026123 5164.245605 -1081.643066
2367.864258 -2943.034912 -3383.541992
-43.223770 -3832.430664 -4899.729004
4872.041504 1086.845947 -635.277283
5212.874023 -28.299728 856.034668
-7280.415527 746.572876 -1609.276855
1361.788818 3788.865479 -3257.543457
4941.055664 3493.963379 1093.395264
-2892.210693 2192.549072 3939.393066
4944.477539 237.609192 6723.890625
-490.673401 4310.104980 1224.006104
-1551.271973 -2476.567139 2691.237305
2629.872070 1482.093262 -5247.055664
10376.527344 7126.529297 -11392.860352
2655.765869 2230.024902 5255.458008
-1025.988770 -419.536194 -1231.307373
-2577.784668 1362.114014 -5532.971680
-801.347107 -1999.381592 -2060.419434
2491.621582 2573.968750 2351.458252
3383.857422 -248.625153 5150.697266
5006.466309 -2890.068848 -2112.368896
-2437.539795 -1275.652100 -4533.162109
-3292.259766 -904.746460 1180.977905
552.019104 528.487183 -3426.717285
-6193.107422 883.844604 -390.617249
745.807983 760.219482 -5817.908203
-3190.000977 3073.170410 1231.381226
-161.307739 6128.511719 -55.247898
-4440.198242 -2218.172852 3143.436279
3851.366699 -5779.330078 4903.679688
1627.538818 3159.643066 -4485.963867
5605.090820 990.014160 -191.243286
4967.429199 1399.438354 -2834.162598
2770.582764 -258.046478 -5423.581055
-559.420776 8.086914 -999.561951
4089.491699 3129.845703 -2953.139648
2198.691162 2136.301514 6860.646484
-3302.070312 5611.635742 -2114.867676
1498.634277 -534.621704 3148.354736
2867.644775 -1198.297607 -1865.519897
5248.160645 -146.166656 218.738907
2886.993652 -997.940063 3939.226074
-345.601044 5305.619141 139.709076
2765.578613 1613.908569 -313.439636
-4053.819336 1106.066772 -4882.365234
5072.609863 4890.315918 3631.776123
372.868774 317.008179 -3681.369141
-1435.404297 -2023.026855 4359.000000
4424.527344 -1289.085449 2021.600464
3551.909668 -3071.945068 -4978.113281
-2047.448975 1120.639526 -4674.168945
2904.583984 870.436401 1992.084229
-3423.022461 -2907.099365 -1075.610840
4560.549316 -906.507935 2050.939453
-2876.476318 1523.555664 3584.694824
-1757.771606 691.757446 -4069.427246
2698.144287 -2201.975098 4471.666504
7033.851074 -698.017822 2447.635742
-516.003174 5258.254883 3267.981445
-2146.525146 3175.284668 -1698.482910
-5561.297363 13821.974609 -5187.410645
1004.664551 -809.376282 3404.977295
-5284.081543 2051.140625 1206.667358
-4872.489258 1425.906006 -3873.916504
578.898132 -3887.843750 -4354.052734
-4505.715820 2215.453613 -1965.755493
-3894.216553 -1985.598755 2099.435547
-5925.632324 2374.541992 582.799927
192.455658 3206.836914 -3190.707275
4974.618652 -2442.554443 -1189.483398
7268.401367 2617.971680 11216.959961
-2794.269287 -2890.121826 2091.829834
-1802.247070 -386.295837 -230.422821
-2077.863281 -266.267548 -1156.436646
1391.651367 534.208008 -3596.696777
5069.454590 -1189.928223 3022.259766
-1141.157471 100.239212 2076.570801
1301.879639 325.001831 -5072.717773
143.419250 -1093.208740 -3623.902832
1456.065918 1158.128906 1380.324707
2149.125488 -2351.433594 -4342.602539
-4666.160156 -3939.528564 757.575500
1288.087158 -660.384216 -5172.901367
-2607.306641 -716.500549 -2121.083496
-2356.019043 -5149.934570 -791.455627
174.246674 2835.435059 -272.034302
1642.220337 -6084.031250 560.382812
35.870117 1083.941895 -3848.356201
341.344910 2499.825195 -3069.959961
2086.112305 1247.820801 796.186279
-537.197205 -1958.831787 -4754.691406
4898.142578 -4603.045898 -2726.040527
4984.473633 3349.640137 4634.818359
-27851.416016 6299.581543 11110.543945
-1408.161377 -4562.722168 -2757.919434
-2306.335449 2814.054199 -3516.746582
1659.978638 3847.128906 -5006.384766
3013.954590 3382.080566 -1429.169678
1189.287720 3915.525391 -593.182983
-3032.316895 -2171.447266 3742.090332
-257.927460 -4029.515137 3733.890137
1522.321289 6174.349609 -122.223221
3005.693604 -1921.715332 -5678.637207
2854.707520 -1556.541992 1981.597656
5555.199219 -1143.686768 460.062988
-5058.133301 -968.704590 3202.234375
-691.074036 1516.058105 -3216.563965
-1892.447998 345.215424 -193.748047
-1406.403198 -2929.991211 4386.830078
5577.246094 2141.735352 815.691467
-539.605164 4620.225586 1691.825195
623.119751 4405.619141 -4014.898438
-1632.197021 -310.573730 -21.191772
2172.297363 -2810.193848 -1490.677002
-66.945992 -4738.393555 -3973.119629
-4092.387207 2550.575195 2967.437988
-1761.982178 -219.030426 -1823.663086
-3125.849609 1562.154663 1768.083008
-381.675812 2141.062988 -2417.465332
-2620.808594 -132.103577 -2521.625000
-327.715851 -1953.479614 3750.842285
-6244.341309 -811.655884 1022.758545
-423.638641 -4423.150391 3569.852539
-394.795624 -3491.573486 -3986.158936
7494.587891 -17322.615234 8951.646484
-325.256592 4275.691406 5183.882812
-4789.022461 619.916748 2733.448730
2392.748779 -4233.753906 146.839157
-3156.515625 -506.310974 -3866.043457
-4483.750000 3563.357422 -501.542603
3318.882812 -4005.318848 1042.140625
-899.652893 -3489.645508 3669.562012
-2869.632324 6103.377930 662.882263
202.962723 -80.455444 -676.148682
-5344.022461 1277.969727 -355.094055
-3529.686035 -1548.089111 3893.835938
-5772.766602 1720.891602 751.866394
-928.865234 -2941.058594 4809.404785
3963.995117 -2390.430664 3947.520020
638.406250 -1447.348511 -1250.177368
-1157.863403 -1455.797852 -4297.661133
-70.190918 3737.218994 2075.306396
-2.112854 -6668.641602 1776.732666
4880.634766 -997.977295 3883.924316
1559.321777 -6930.626953 -1338.249146
5916.279785 23.302673 4263.719238
5793.643066 -725.787537 -551.151611
-2280.273438 -4332.027344 2228.819336
-5583.326172 -604.239624 2705.217773
-2123.092529 5943.670410 1037.956909
-2765.682129 -2251.229980 -7126.298340
2102.331543 -3397.886719 4919.267578
5172.438477 1857.203979 -501.131348
3952.806641 -3897.662842 2185.261719
378.524445 1086.254150 5273.249512
-5273.878906 1679.031494 -5128.895996
-894.651672 -466.354248 -1144.537231
-7741.508301 -2582.461914 -299.105286
-16877.035156 3374.756836 2480.778564
-269.572113 -125.663574 -3243.984619
-3848.543213 -3144.576172 -2141.900391
-1641.704346 -3150.768066 3922.675293
403.001404 2484.163574 6750.205078
-5437.064941 -2649.120605 530.002747
3182.652832 -3139.014648 457.845612
-2368.165771 -5573.558594 1181.555908
-5324.421387 -10668.389648 2896.690918
494.722229 5351.144531 2801.896973
2859.107422 4172.393555 -2802.574951
4372.944824 -3642.399414 2287.531006
2770.552734 4477.319336 -1673.338379
-876.906982 -3484.017090 -2118.148193
-5409.611328 6598.557617 71.371002
-4520.082520 1599.080811 3797.058105
-2952.890625 1790.973877 5324.935547
-262.306580 5346.691895 -2728.490723
18.759277 -2080.406982 4661.251953
-2303.799072 -3564.978271 5049.413574
-3241.543701 -1438.592773 -3763.467529
2992.241211 6650.060547 -3447.840332
-2801.895264 476.878326 8648.090820
-1901.229248 4943.007812 2354.899414
-1362.003906 3571.843262 4102.754395
5741.525391 -766.311646 5933.394043
-1375.253662 -6477.500977 -1462.568604
-1060.401855 -282.388245 707.880859
-395.951813 -5273.750977 -2773.548096
1081.863525 1588.917114 -4755.362305
4120.898438 -2795.037109 1558.211670
-1694.561401 -3630.071045 -689.984619
5445.361328 -2022.786499 -211.759247
4148.292969 -506.527191 -2609.278320
-1878.085938 3844.389648 1101.722900
-4226.639648 4757.502930 468.961853
-668.868713 -4987.961426 -1108.088135
-3944.390625 -599.972534 -1971.328735
-4241.248535 -3393.694824 -484.557739
796.539246 24.442505 5646.307617
-4346.964844 -3744.738037 1311.193848
1985.305542 1538.361084 3062.705566
-2255.849121 -800.426819 3551.465332
-1488.592285 -5281.270508 3208.581055
652.577881 -913.184509 4404.098145
33.742859 -939.512207 5732.656250
4843.544434 -3357.282227 1379.866455
-2241.700928 -5311.755859 -4080.627441
-3304.801270 -3684.652100 -2280.200928
487.800171 1668.244751 892.587341
-119.200989 2190.632812 -4329.522461
-378.581512 5759.598633 3081.623535
-2702.998535 -862.769287 -3234.137695
90.568573 -4410.524414 -4254.645508
901.841553 -2771.158447 2509.996094
-1461.758179 -3464.316895 1563.949707
-554.633057 2301.251465 5261.063477
4061.138184 1572.370361 2719.580078
-686.802612 -178.462326 -1000.646057
-936.476624 15136.597656 -6371.130371
-2032.871094 -4197.258789 125.134521
3383.165527 -1978.120117 -3551.237793
743.629578 3791.218994 5394.452148
-810.487427 -4775.843750 -2207.286377
1351.587891 -508.936523 -3729.240234
822.972412 -3359.025146 719.643921
1615.426025 -1478.593262 -1251.585205
-6393.337891 -256.979706 818.122009
259.770264 52.774597 2431.209473
-4535.143555 1547.881714 1039.236084
-1470.036865 5561.002930 -1261.418091
719.708435 194.723358 -1961.583252
-2104.162598 -3583.095703 1064.964722
4852.523438 -1722.642700 -1383.288574
-1113.239014 -10.225952 -2883.794678
3865.385742 -583.852478 3120.347900
1231.485229 -2636.813721 -2186.683105
752.978760 -4269.960938 -3463.763184
1842.078491 -6868.541016 2200.382324
-1404.895508 3830.046631 2079.020020
1726.701538 4928.277832 824.322632
3203.381592 -551.051147 3372.044189
2783.009277 -4684.673828 -1372.496826
-4215.905762 -442.865631 4233.266113
-2078.308105 -1465.842896 7481.940430
-3779.997070 -950.976685 -3385.463867
2729.627197 -3394.212891 1842.896851
-4814.873047 705.588928 4254.056152
3383.342041 -529.302856 -4067.983398
-3543.161133 -283.004761 -4560.274414
-905.297180 562.018311 -1345.402832
5475.224609 2120.194336 547.727478
1845.430908 -2905.391113 -5317.541016
2131.880615 -3284.364746 1491.553223
1755.097656 153.092773 2110.336426
1101.408203 2955.063965 3918.021973
2338.114990 -3857.265137 4107.147461
922.543091 -2602.685303 1940.797363
-655.805298 7171.916992 -119.211548
-675.125000 -1477.013916 -943.210999
1189.468506 2852.111816 2482.494629
-259.524780 5764.867676 768.980347
-1472.651733 3546.989746 4684.620605
-1581.431763 760.302368 -3701.464111
-4305.900879 -4283.430664 980.822632
2909.872070 -152.107254 -2031.620972
-1605.002075 3148.707520 5350.063477
1249.676147 3397.949707 2522.477783
2.288574 8051.205078 -864.645264
-5724.416992 960.632568 220.915710
-3050.755127 1164.676270 1122.869873
-2981.096680 -1810.860229 -2956.620117
-6849.423828 1836.355957 -2047.816284
-421.663757 -1853.848999 -2965.601807
-1372.861084 -4699.789062 1447.947021
-1945.952148 2220.123779 -1416.316650
-3447.496826 -3420.329102 824.777466
3409.202637 2483.295654 -969.958984
950.149658 -5098.711914 1568.434082
-5713.823730 2224.917969 -1948.523926
-654.613525 -2536.470215 -1331.546753
-2576.749023 -6994.693359 1351.943237
5335.864746 1738.153809 -1638.640381
22.861038 -899.594727 -2235.087891
958.068787 -96.419128 -3121.395020
-1062.325195 -1119.320312 -4870.934570
-515.977905 -4858.529297 3465.872559
-1621.187622 -2305.474365 -91.722343
3345.293213 -2800.313965 1117.599121
-5177.842773 302.460327 2671.723877
-357.487396 158.242081 3999.270752
-1335.107178 -343.932281 4359.432129
1000.729614 -719.987976 -3015.748047
-552.614258 1407.239990 -4663.055664
-744.651367 4890.341797 1178.611816
3957.676514 -2899.755127 -910.650085
-3996.703125 -3653.279297 1319.308838
-3480.259521 2563.761963 -2110.746826
-787.762329 3639.905518 5072.510742
3306.142334 2106.954590 697.308350
-3574.738770 -1049.822021 -2794.214844
-4158.839844 -2323.868652 1519.508545
-3913.226074 -2196.279297 -2747.711426
-4418.067871 96.392944 80.512787
-3867.235352 863.603088 -3501.908203
4148.282227 4676.869629 -487.370514
5421.507812 -2518.391846 4032.574219
-1955.747314 1297.693115 -5372.357910
273.435394 4161.260742 4873.774902
-1555.706055 -2870.749268 -4392.356445
1536.957886 -792.058960 5465.361328
-12923.858398 -4881.536133 2018.474121
-574.854370 -3461.860840 4817.933105
2872.977783 2167.976318 3528.128662
3755.527344 -1101.754639 4723.427246
-761.384155 -1995.120850 -5226.204102
-1455.030029 2643.020264 4574.433105
389.908905 -3984.441162 -4576.366211
2766.924561 -817.576538 229.110199
242.789459 -5373.616211 2789.326416
970.734131 1088.471558 5129.416992
758.722168 -3502.280762 4243.107422
-834.677307 -675.635010 3680.907715
7452.085938 -1228.510986 3127.035645
8989.802734 -3069.016357 -9198.558594
-6614.208984 2059.486816 -4495.790039
-1773.277588 3272.850098 1401.910156
-793.143433 -3224.827637 467.413727
1706.642334 -4368.876953 3276.126953
-5608.253906 -2803.126221 -1902.370850
-3041.261475 2922.453125 -1242.845459
-3881.264160 -3745.734375 1698.667847
4055.259277 1502.223877 -27.378212
-1013.067139 -4126.830078 -2561.986572
-2651.391357 3287.530273 857.831421
781.604736 2827.528320 5505.483398
1350.644531 3005.356445 -1035.379272
2426.071533 -1187.845947 5657.999023
-1648.844604 668.096863 113.652588
1740.921143 -4598.844727 1399.385498
-1142.411255 -197.411163 -3542.149902
-4135.333984 268.538513 -427.919312
3642.569580 -3567.347900 1285.498291
4402.968262 -3241.394531 -1482.106445
1144.629883 -6848.729980 1011.326965
673.680664 -4316.487305 1943.792236
411.781128 -1947.591064 4937.928223
1584.485474 701.356201 -2592.194580
3972.148926 1401.161499 -2192.666992
2741.899902 369.139435 -2807.193604
-2430.403809 4119.153320 -3662.452637
-1090.387451 1860.128174 -3705.942627
-1412.168091 -865.191101 -760.229797
-1737.588501 -5944.480957 -589.044067
-3112.432129 -1642.327637 -4236.290527
-3281.194824 757.963928 884.067383
-1220.061646 -639.321899 -747.109497
-2924.091309 -5792.868164 1448.121582
-2784.998535 3114.408936 150.161438
3927.544922 -243.477081 -2085.723633
-3247.176758 -1050.448486 2229.072266
3655.673828 2044.257568 -2953.178223
-4290.285645 994.709473 1214.595093
141.178619 -2904.731934 2255.020508
5974.782227 282.459656 1441.719604
1767.406006 4258.227539 -1098.248779
780.179138 3185.112305 -849.496521
-97.182899 -2327.157227 -5544.957031
2122.936768 -2601.360352 -364.881683
-3259.072021 1782.905029 3382.868164
4135.553223 -4052.995117 144.138031
1522.950684 -411.026733 5485.877441
4082.915039 -532.933838 -1744.848999
-1788.351074 -1712.391113 -1041.668091
-2668.911621 4764.008301 -2081.803223
-2600.505859 1496.436646 2658.633789
2142.804199 2354.001953 614.674316
4391.007812 -1803.033936 4085.101074
6404.904785 406.895172 2205.606445
-5621.150391 1277.505859 -80.065491
3686.016113 -708.288635 -1592.601318
-2847.678223 5202.041504 -2706.472656
199.108673 -3998.054199 -666.929565
1264.142456 -1084.725220 -3917.776855
-9.800674 -4620.431641 -3104.315430
3502.092041 -2264.058594 -766.364136
-238.237488 -1235.613770 -4650.992188
-1455.005249 -732.670105 4792.625000
370.723633 -5143.751953 -2929.012695
6565.788086 -4577.955078 -2124.809082
-729.917114 6423.317383 -333.113586
5061.906250 2057.181152 -1402.998779
-3024.892578 4124.973633 -1867.926147
-3293.313965 3869.303711 1656.084229
-1878.431641 -2885.238770 587.168640
-2054.395020 -1004.927917 -2107.143066
-3173.143799 3550.235352 2929.678467
1239.048584 -3498.410645 -1995.345459
-2232.752197 3731.515625 -232.889053
2807.499023 968.036987 1990.574463
-3690.271729 2522.236572 -1654.290161
-4117.661621 -1173.188477 2771.350586
-5825.865234 -1163.608643 1130.127563
-1259.747192 -4443.740723 190.726318
-697.078735 -639.908997 5311.188965
-3694.328369 9720.791992 292.601746
299.455017 2682.377930 3208.169678
-2077.291992 1925.356201 3590.630127
-7514.676270 -6426.465332 1610.527588
1974.296875 5358.303223 5782.193359
996.914612 -5481.749023 -3085.495117
961.969299 -6217.031250 608.116455
3377.023438 436.362976 4075.623535
-4311.567871 1163.580811 844.510132
267.862579 -4625.842773 -1335.243896
-148.901062 3120.712402 -4493.891602
-1799.738770 1613.192383 -5620.028320
5261.773438 2003.746582 261.764221
2123.581055 -420.704102 1811.357788
1993.451416 7995.428711 2169.864746
-6819.763184 240.571045 896.396362
-1131.854248 -1965.542725 6355.708984
2766.157715 -2323.707275 -657.654785
-4008.447510 -4432.241211 -4186.973633
1633.830933 3438.011475 1999.906250
-2781.508545 -2042.791016 -5440.108398
2913.613281 -2682.095703 725.022583
-6661.478027 926.935730 2856.125000
3707.056641 -4102.459473 727.794678
2002.958496 1657.450195 1537.481201
-5956.810547 4274.375977 961.010132
-1907.903320 3892.759521 5929.120605
5126.247559 2088.828613 1417.145142
5847.649414 1118.169678 -427.243347
-4110.515625 -4129.823242 830.338745
878.502808 -5628.463867 -2566.320312
-1133.291626 3411.893555 1494.428955
-287.880249 -1523.220825 7480.500000
-7093.291992 -2895.797119 1295.190063
3352.858643 -2721.575195 -1828.762817
4012.151855 -1120.972778 -1130.807129
-2958.491211 2186.276855 -4203.663574
330.319580 4406.424805 3704.452393
3593.871094 1757.436157 217.795074
-2146.900391 2316.375488 -5264.089355
2431.463379 149.498962 -4256.087402
-8705.265625 1507.162842 -5316.793945
3845.435059 5880.511230 979.614258
5260.051270 -2243.402100 3391.109375
-3595.918945 -3459.559570 -1945.816528
-1648.735596 3016.642578 5068.479492
-1632.649902 -1411.791748 969.333984
613.481934 -884.347046 2733.370361
2547.660156 -961.178467 -898.589111
-5836.350586 -138.046875 -1599.788208
-2640.869629 3845.770508 -1578.070801
53.004272 -2660.249756 15572.669922
-2534.236328 -2549.092285 3594.118164
2885.633789 3230.497559 -2371.759766
-1235.816528 2973.301758 -3127.740234
975.947266 1571.340088 751.977600
-1348.984131 -1335.513550 2093.980225
762.354248 -5950.439941 267.827454
-4149.795898 -1154.048218 -1940.994141
2224.269531 -4127.980469 1339.708984
4427.840820 2083.215820 4051.773926
-4173.858398 -4868.625000 -1317.176392
860.174683 -4269.189941 -2981.232666
1489.832886 -611.354553 -2820.324707
5607.765625 23.076717 -1380.430908
4523.259766 503.442566 -177.148499
278.759369 -2941.648438 -304.427368
-1265.725342 -861.419067 -883.818848
-2047.897827 6411.165039 -2133.889648
-2440.269043 -165.148926 -3203.565918
-3239.322021 2857.665039 6774.343750
5075.031738 1486.572021 874.069397
2976.699707 2860.555908 1917.181885
-3748.138184 -2949.768311 1546.521606
2062.766602 3998.645996 4262.744141
-1743.096069 5807.711914 -134.934753
-5472.055664 509.579132 -4688.687500
3361.248047 1693.537476 -4289.288086
1054.346680 -2008.581909 -5098.675781
-783.812927 4242.778809 1863.452393
2737.624512 2825.994141 4339.538086
-5174.384766 -2138.032227 2316.185303
1627.070801 -360.175049 -4174.701172
1529.998169 711.910522 -3706.635742
-8295.060547 -4136.598633 -222.860840
4663.682617 -180.903809 1443.854126
-3432.706787 5194.423828 -2626.272217
2089.463379 -2714.766602 79.769836
-4405.690918 4312.838379 1326.698486
3751.499268 -3910.166260 -2622.147461
3444.167969 4692.472656 667.640503
2126.489258 -4177.187012 4129.759766
-2711.970215 -274.755798 1032.583496
2188.625732 -6233.416016 -401.696960
555.948486 945.422668 -5594.547852
-3770.053467 -3491.097412 -843.410767
-6434.113281 1935.369141 -2927.566650
253.782486 921.051392 -7397.302246
-7179.429688 1234.693848 602.555725
-1647.951904 -4511.219238 -2138.197754
4184.219238 792.738098 -3388.103760
-1985.283936 -2037.902588 -1312.957764
2102.242432 -634.612061 -3306.120605
1411.330811 115.572205 -3460.709473
-4099.258789 1383.037842 -2400.112305
4910.744141 2958.300293 35.660477
2862.182129 -4433.644531 -3293.456055
5041.454102 -3092.964355 317.912231
-2100.408447 -3778.185547 -118.684631
4058.694580 5928.416016 -69.565918
-7157.308594 -792.727478 1624.154419
2974.449219 -558.697693 -2610.237305
-1069.673340 -1860.042236 2264.361084
6025.266602 846.818970 437.172546
-2105.074219 -3971.414795 2315.983154
-689.181396 5725.650879 1879.867676
-2257.221436 -2123.103027 -3287.286865
3976.261963 -681.369385 4836.435547
-3953.922607 -702.129883 -3742.481934
2947.038330 249.550995 -3347.877930
2445.896484 -1077.153442 -1002.347168
-3786.877930 1698.713867 -3043.184814
1453.415283 27.679260 -743.531067
1589.033936 -4412.585938 -4348.762695
-4868.898438 -4684.807129 -878.316589
514.435730 -2859.767578 5148.721191
-3380.871582 511.337616 -2004.604004
1081.225830 263.336731 6408.055664
1422.510620 1068.037476 3390.334961
3898.436523 -1404.591309 2770.288574
-2800.849365 3817.121094 -232.812637
4300.991699 -159.608887 -1040.850708
-1915.989746 -256.569305 85.449921
4603.071289 -729.264221 1124.452148
-1629.944092 163.089584 -4099.454590
700.795166 3139.291504 2402.135498
4144.277344 -1152.875854 -4051.895508
-7821.274414 327.747314 8405.631836
-3980.904785 4724.636719 1231.600586
-4077.023682 564.227173 4053.107666
2227.366699 -711.264526 3719.941406
-1885.287354 -111.652084 1545.534912
3201.799072 -1466.472900 -528.265686
-2347.000977 161.338257 4192.926270
-458.804749 781.268066 -231.185852
-4184.502930 -4195.816895 -1758.468506
-950.695679 -1320.580688 -1979.386108
1877.692627 -2344.369385 -3877.618408
1922.889771 -3775.166504 -3332.663086
339.752319 -4078.220703 4305.782227
5990.147461 954.196289 -129.360748
551.702454 -5691.252930 2926.556641
2018.970703 -1660.997559 6064.759766
-1703.102417 740.236816 -5732.160156
-1613.702393 4726.747070 5201.729492
3114.076904 -3062.658691 -1382.441162
2283.467773 1139.258057 -2205.945557
-2085.466553 14502.463867 -6714.055664
2961.025879 -1189.020508 2923.524414
451.477478 -6756.102539 -1979.948242
-4560.278320 20.926117 3661.048340
-2064.048828 -192.408859 3604.106689
847.883362 -669.923462 -2755.694824
4802.761230 7156.257812 -10223.937500
1652.574707 2420.129395 -4077.255127
1329.243896 -1256.937500 3139.838867
-2567.878418 -5892.647461 765.842529
-3413.499512 5733.786621 965.156372
-660.916138 -2146.365234 2733.087891
-5279.565918 11605.288086 -8067.231445
-663.778198 -6756.042969 -501.613159
-2741.814941 -457.094421 2631.037109
4864.968750 -6219.178711 4412.586914
-3294.325195 3534.751953 -3611.123291
1861.415039 -5157.184570 -1494.721191
3787.350586 -1656.385986 223.232178
-68.301422 147.932434 -3713.820801
-1922.635132 1648.317627 -5125.754395
2199.378418 6405.494141 34.569077
4059.836670 855.006104 87.591064
11513.219727 5891.850586 -13.998474
-913.460632 -3863.912842 -817.386719
261.981537 1947.845337 -3056.570068
1860.881104 898.328308 -3724.574463
-2901.340332 -1329.336670 5132.652344
3175.946533 -612.734741 -2285.833496
-374.733856 5770.649414 3164.759277
134.483154 -2047.187012 5750.492676
2186.622070 4063.259521 3249.759766
-1215.336060 4208.789062 -1608.114746
-1452.482544 -4558.893555 -4715.655273
3104.029541 5942.940430 935.561279
-2065.867920 5116.572266 737.174500
-9590.092773 -1489.404541 -5448.885742
-1224.135620 -931.328491 -5274.460938
4229.368164 2256.395264 2881.100098
-916.569641 -970.512939 5112.632812
-5655.936035 527.140991 525.903564
-1254.477295 -6142.527344 -1468.356934
-5897.465332 2404.600586 -1479.642822
-2804.843262 1932.712646 -178.003723
-5123.217285 -5517.503906 747.368347
-2625.490234 -2963.326172 -5158.395508
-1845.714355 3197.342529 -3326.175537
351.526154 -2129.213867 2623.746582
-3273.430664 51.175873 -3854.457031
-16393.742188 -7626.376953 27549.365234
5822.098633 -855.044495 1727.039795
-563.044128 4936.891602 3078.627441
-1818.641357 2346.915283 1608.054688
2380.145752 1987.198242 -1491.500488
3096.951660 1347.174805 -2020.638306
28716.509766 7176.579102 2836.595703
-4693.710938 714.748535 1985.625122
-11018.468750 -2575.625488 -4815.024902
-1979.834717 3275.137451 -2514.959961
-3053.325684 1077.899536 2159.078613
3205.091309 -3723.458008 2867.388428
4090.852783 -970.304993 -1726.305908
3569.876465 -2584.951660 111.526703
-2454.478027 2274.686279 1947.781982
-986.709473 3788.448242 383.967682
4651.843262 -1561.374023 -2993.196533
-3370.949707 -4450.965332 -2957.495117
182.662308 -721.087708 -4832.839844
-3612.923096 -2660.676270 -1568.391968
2557.634277 -2653.702148 -3251.209717
-1166.953125 -2923.393066 944.374756
-2748.954102 1966.289795 -3500.808105
4711.942383 -58.463829 3128.164307
-1586.666138 1965.285767 -5548.034668
