-2600.897217 566.645264 -5320.653809
-1496.626709 3095.789551 -3538.400879
150.535461 3875.491943 2920.441406
-1537.340576 3878.104248 418.647919
5740.291504 544.481506 48.766335
-9.333896 2104.726074 6408.029297
-1261.642944 715.102295 -1917.260132
2945.526367 4629.411621 1126.757080
-92.019882 702.515381 -4083.926270
1453.205566 -583.248535 -2507.926270
5725.921875 -259.537994 -250.813004
781.886108 4837.717773 -2937.173584
-9116.962891 3550.277832 -1128.478271
-2463.082275 2885.687012 -3752.438721
-249.891617 -3287.897949 -4226.107910
5606.171387 370.409668 318.627228
4014.382568 -480.409119 -6803.030762
6106.554688 636.976562 -3387.409668
889.578918 316.454437 -7768.125488
364.655823 3596.147705 5008.421387
-6151.216309 1341.326538 434.900635
4006.078369 564.106262 -4794.434570
405.903717 -7239.927734 1841.457642
-367.406158 -4811.914062 398.696625
613.418640 -2748.954346 87.598312
-716.563843 -5289.635254 3014.460693
1114.822632 6331.433105 -489.803345
3694.572266 -1627.556030 3627.250000
367.633789 4081.345459 -341.300079
2668.976807 -2043.613770 -188.491379
756.471680 -3809.161865 -1146.614746
4547.851074 -6885.640625 1331.350464
4998.684570 -472.201904 2723.985596
2663.826416 -2248.149170 4161.305664
-2747.876221 -5154.956543 -814.670044
-834.372314 -814.674927 -5947.734375
2152.914062 3896.380615 583.353394
877.008850 2652.318359 -1223.758789
4407.897461 -2568.056641 2278.107178
4620.868652 3603.543213 1790.846802
2463.869385 5341.225098 2782.530029
3764.422607 1948.901489 911.546631
1607.264893 1660.455444 4674.963379
4536.652344 2683.548584 -1708.918213
-4720.677734 -3689.657471 485.831573
-253.457764 1978.691528 -2486.017090
-2139.662109 -2198.467529 -4310.015625
-162.259308 -651.001526 -1960.426270
220.562012 -6903.969238 3911.531738
-4062.943115 -1350.496094 2674.650391
38.617378 5682.415527 -1347.688477
-1121.022827 -272.905060 -8603.122070
5452.251465 1980.463257 842.106384
6169.844727 56.860409 954.101440
1703.428223 160.243149 -4653.020508
2007.845337 -5470.653320 -847.631165
1411.627075 1491.245483 2653.627197
2333.561768 -519.346924 2343.556396
1985.145020 -1903.567871 1524.825928
-2347.998291 1845.745361 -5033.457031
-3262.818848 -4245.281250 -1059.820435
4407.569336 -790.020630 4363.391602
-3278.475342 -1767.766968 2906.016357
-5382.224609 3361.414062 81.493126
-8439.741211 16434.669922 -5587.905273
-2376.481201 4189.648926 -459.899445
3891.344727 -1824.071777 6317.820312
-3637.884766 -2741.466064 1688.698608
1630.260498 -269.703369 -2846.092529
1333.500732 3492.538574 4034.439453
-5188.819824 290.278900 -3779.834961
316.558441 -4507.042480 4293.198730
233.493744 -2062.722412 -2704.584473
2716.520020 1238.980835 301.001068
2860.974365 2850.769775 -4688.039062
3431.591064 -948.358337 3393.478760
5938.273926 -735.961365 651.984680
-1388.308594 3616.093994 -5356.591309
-2309.056152 -3874.098145 3809.085449
1867.265015 1151.707275 -732.517151
1641.299194 3987.206787 575.612610
3531.274902 1734.401733 3346.347900
2838.473633 -2552.169434 2328.254883
1769.249512 -546.927979 -2995.085205
1934.856323 -156.070923 -4213.847656
-361.553619 -5468.639648 -3305.448730
3691.981201 384.845215 -1042.861450
-4744.032715 -354.972351 3636.709473
-811.247192 3750.426025 -3226.187500
17.035963 -2135.766357 -4651.641113
759.694824 -1159.962280 -3592.479492
-5129.419434 -1423.688599 5229.785645
-828.350342 2101.090088 -4099.674316
-2266.108398 -47.504128 2547.065186
3727.844971 -2223.989990 5078.342285
4714.498535 -1855.102051 -3502.519287
6215.095703 6673.508789 -6419.895996
-2874.035400 -857.537964 1827.323975
262.245270 7937.854492 -2191.698730
3783.023926 3805.230957 -1602.751465
-6760.017090 -2191.265869 380.112762
2689.345703 824.794128 2843.610596
-278.329346 -125.770966 -1671.991821
-2615.357178 -3758.797119 2782.603760
1011.778931 3737.731445 1509.820679
1540.464111 3864.830322 -3500.769043
168.307129 -3756.912842 4845.256348
4538.410156 667.153687 4115.334961
-9667.825195 -3418.230713 1121.436279
3320.046387 80.460426 -626.975952
-461.809906 1540.781128 -4786.189453
5088.499023 -377.679443 -271.838989
-4415.392090 644.629211 -17.010498
3977.579102 3971.709473 4596.570312
-2426.302246 2216.997803 -1353.513794
2979.522949 100.871948 -3974.750488
2450.911865 3877.205811 3074.938965
-2010.292480 2746.695068 -1677.916260
618.102966 -3625.974609 -32.860100
113.240105 -5293.485352 3376.540771
-2956.296387 4811.728027 608.633728
-4692.020508 -1077.597778 -3476.585938
2829.641602 1217.581299 1515.450317
-2696.690918 -2142.940186 1673.373169
2480.831055 2257.237793 1130.101562
3100.051025 -3165.382324 -697.718384
2584.727783 -689.450378 -1700.235229
1601.923584 2745.567627 5221.471191
2757.838867 -1757.868652 -3908.774414
4141.706055 -1093.301147 3865.462646
-1108.617188 -1680.604492 1105.021606
3900.291992 -37.550663 -3794.050537
287.125458 3497.580078 3449.248779
444.637573 -894.467651 -3486.017334
304.874878 -3679.975098 -395.808075
3902.814453 -962.000671 3056.104004
1373.058350 -5140.511719 -2673.079346
-6067.671875 433.577271 -18.877327
173.572235 4114.489258 2086.715820
65.893356 4342.445801 -6371.647949
3957.096191 2812.187256 -1896.994141
6865.913574 -4087.208740 3221.177490
5998.144531 -1605.451782 -2395.554688
-3414.652100 -4921.385742 -1493.660034
-836.949646 1721.133667 -2776.870605
-6226.956055 449.262665 -2264.997803
300.849335 -1799.605103 -5371.484863
3876.323486 2371.244873 -484.843750
2046.291504 -91.751328 -14863.229492
933.033447 -788.206299 -2928.622803
-1615.424805 -2243.216797 -1407.740967
-1853.064209 -1426.001831 -537.801270
-847.855652 4484.885742 1655.841309
-1779.224487 -4837.650879 -1608.834839
5104.976074 -1057.850952 2351.172119
-2239.371826 -2718.202637 963.035095
878.987366 4824.031738 510.955109
-3480.682373 -3790.005127 1289.671753
957.037231 4341.803711 2858.353271
1832.854492 144.374237 -4615.567871
424.718262 1648.138794 4725.514160
1177.831055 -3366.336670 877.554993
-3015.765137 -2602.011475 4493.969238
-563.931152 -6387.302734 1151.646362
3696.826172 -1472.074219 -1717.969482
-3115.434814 2114.883545 14155.832031
-3374.607910 -1050.560913 6925.827637
386.893616 -4704.726562 -2382.356201
838.714417 4221.975098 -3315.420898
-5903.281250 1702.727173 -4452.440918
775.090027 263.046082 5018.991211
4579.220703 820.293335 -3032.475830
5356.757812 417.688171 -1231.162476
2178.474609 3473.852051 -10.121042
973.200073 -1036.111328 -4543.766113
1200.162842 -2490.797607 -2770.766357
-2567.291748 -593.357544 -1549.475464
-1162.511597 -1876.830444 5992.299805
-5472.975098 -1678.837646 -3088.602295
876.527100 6504.009277 494.104675
-2508.520264 1150.595215 -940.165833
4827.984375 -343.980133 1075.670410
-5555.633789 2534.982666 2084.940430
3006.752197 -886.655701 -1842.913574
-827.439575 -5531.633789 1740.093018
-2278.826172 2937.360840 6548.346191
821.196289 6447.721191 -370.155945
-2068.020264 -2546.591553 -56.797581
-1349.903809 -178.211548 6808.884766
2467.282715 -398.004028 -5423.871094
5289.178711 268.406128 -2021.619019
-4149.160156 -1680.180908 -782.055664
-1780.230835 -3445.178467 4821.915039
-3092.815674 4328.960938 -2048.690674
2665.870361 2107.859375 5890.728027
532.567932 2382.508789 3339.750000
924.848083 429.239655 -2266.421875
-4652.804199 -1549.070679 3527.372314
7093.227051 -3217.453125 7572.819336
1525.945312 -2527.903564 -4356.183105
1162.023193 -3219.544189 773.291931
-2703.020264 5084.549316 2384.027344
-1740.843872 2618.434814 -2386.721924
92.219086 -4379.441406 -3313.352539
32.413338 -3351.614746 3221.122803
-511.874115 2619.419434 -3981.307861
-3339.478027 -2993.739014 -2636.926025
-3648.800049 1433.059204 -3548.725098
-756.107239 -276.864502 -709.371094
1834.154907 2294.005127 3192.477051
3555.169922 -501.350067 -4204.594727
-2158.558350 316.816315 1142.883301
1416.059570 1039.395508 -19076.861328
5383.638672 -8346.323242 939.917053
-1090.730469 -5264.808594 1692.064697
-4318.959961 -1472.569580 -3549.179932
-425.122528 -2706.876221 -5052.535156
-268.141052 -3323.867188 -4408.852051
576.715942 -6063.424805 1011.945007
-671.640869 4341.837891 2030.164185
-3705.989014 998.094604 1017.179993
1652.188354 -381.301361 -3088.686035
-4323.182617 3602.294434 618.882568
-1254.289673 165.603790 -1621.160645
1368.565918 -419.355957 -2657.985107
360.364075 -369.858978 -3357.631592
-2148.377197 848.086914 -4820.524902
-2770.974854 3153.134277 -612.495239
3422.511963 -894.023376 3471.118896
-2024.805908 3573.756592 -1737.098755
-6989.121094 98.285774 -4137.676270
-5251.714355 -1814.811401 1464.133545
-2451.321533 5292.515137 1464.056274
-3054.095459 -418.069305 27.286182
-3470.622314 -4905.761719 2323.010498
593.459045 -4440.192871 3372.462646
1824.217407 577.791199 -4190.530762
1814.045532 1839.327148 2380.648682
-888.983948 4422.062988 1950.499634
-4761.697754 4001.642090 202.417648
590.483704 -3273.376221 857.810791
412.193665 3742.503418 -3078.243408
1774.267822 -14303.411133 2835.226807
-2960.848145 4534.772949 1047.656738
-717.838989 1678.499512 1793.068115
438.934998 4048.804443 -585.190491
-1522.811890 -547.532410 4735.251465
-3672.315674 3261.177979 -2429.184570
228.937454 -3488.836914 4267.136230
3281.333984 -556.867737 5617.888184
2005.096191 -1577.875488 -3924.464844
3309.203613 -2801.536133 -2149.125000
-3392.577637 -3649.585449 -2138.542236
354.690277 -1357.538330 -5400.012695
3141.524414 -14.309422 3925.981934
-5846.059570 -2162.249023 4214.714355
-2271.346924 -5231.897949 1718.863281
3597.470703 -5719.587402 3370.929199
-1552.325928 339.191071 -3041.475098
67.674782 2953.848877 3402.280518
4530.635742 4406.671875 -1964.176636
-143.460327 2258.324707 -1472.432861
-1663.939453 -890.448975 -6616.751465
675.711548 -3631.456055 4972.089844
-349.585480 -6866.692383 -1826.326660
-770.158447 -1438.989868 975.931030
-389.004944 -2149.857178 -5852.722168
160.215347 5721.997070 231.214767
3927.692383 2782.069336 1619.770508
-2846.302246 3679.535889 3819.580811
5071.286133 -2042.204834 -1265.702515
4801.022949 3385.842529 -1603.761963
-3203.894531 -690.310669 3036.115723
-7180.625488 2115.451416 -953.778870
3492.208252 -3127.754395 -3990.884521
-1685.107788 -946.462097 1824.238770
-4479.620117 -2461.355469 3284.537842
1926.816895 8.163992 -3875.922119
-1544.839111 -964.224121 -1347.498657
1206.279419 -1551.052124 6657.479004
-3565.556885 839.534851 829.701538
1921.867554 2400.213623 -668.009033
2480.542969 4918.330078 -3333.442383
1292.010620 943.709534 242.974701
-1272.929443 1625.567627 -3496.052734
-7274.457031 -2197.052490 2159.447754
-3126.020996 242.094620 916.161194
320.774963 1927.938110 5809.638672
1707.139526 5145.098633 3190.270996
-360.733673 -4066.472412 4286.193848
-1386.253540 -998.391846 6328.752930
2027.495483 3802.500488 2097.746826
3093.762695 406.015686 -457.929382
5271.372070 2306.733643 2229.706055
1357.291260 -2764.682129 -272.925751
1507.637695 4352.252930 -2912.564453
3387.375000 3779.232910 1654.277588
-7235.976562 -1508.143188 -148.699142
-3023.955322 1216.162109 -3634.162842
4316.177246 -1288.869019 423.352722
959.552795 -4956.646484 3405.597900
-6513.520996 1185.634766 -541.148682
-963.222717 3569.998779 -1491.305176
-453.928558 -2059.544922 5054.262695
-699.889709 -2306.946533 -1021.811096
3794.970459 497.850067 -3432.789795
3517.706055 -1300.725098 -4073.566162
5267.762695 2435.021240 -1089.147949
4933.761230 -1147.547974 -1598.446289
-595.715088 564.049011 -2872.744873
-1085.999268 2391.584717 -913.194214
-3480.653809 -2523.586914 795.406433
15298.944336 10760.534180 12435.718750
3735.934082 -3329.374512 3056.284180
-5773.742676 3956.600342 2782.299805
1258.402710 2243.176514 -3001.364502
-3084.530029 -1739.296387 2701.954102
-2682.264160 3327.955078 -4710.958008
6491.090332 -220.033035 -1235.494385
4920.663086 1101.566040 -3100.536133
-1109.136108 -4328.808594 3313.667480
-2057.299316 2867.344971 -175.251678
2969.510010 464.794189 -1279.712646
3012.269531 -432.877869 -1660.980347
8016.334961 -6242.727051 2648.650391
-432.034332 -2326.938965 -1735.177734
-2401.209961 -5145.526855 -980.315369
1232.492554 2800.468262 -891.607117
2388.954590 2626.400391 2897.034912
-2039.752686 5414.952637 -401.536957
-3353.923584 -3058.738525 2173.219971
-1275.882690 -288.994598 -516.300354
-1041.607056 1474.865112 -6318.905762
4222.009277 -2541.211914 -223.836075
2239.381104 -1540.062866 5383.459961
-2288.833984 -1972.793579 6563.844727
4656.107910 -1773.826416 1962.165405
-5029.940918 -3256.971680 -1317.921997
3.519634 -1481.777100 -5161.111816
-738.479980 -47.507298 3140.889160
740.861694 -3399.972168 -420.281464
-1177.450806 2395.518799 4037.195068
3040.185547 -3575.420898 -794.882507
759.779053 -2685.883057 5465.587402
1908.961426 1302.387695 -5510.526855
-1157.796143 -1179.534668 6692.062012
5000.909180 -1822.082275 2205.855713
-4784.292969 -2509.358154 2400.543701
-1502.793579 -6299.371582 294.993256
-1066.096924 -4646.835449 2894.431885
-4104.640625 3032.964111 -2292.292969
-1731.051880 -1279.307373 1318.082031
-599.767700 4167.910156 2341.036621
3947.480957 -1097.405762 -1330.874268
-1386.600098 -23772.708984 15029.988281
-617.204346 -65.313690 4003.552490
-2289.046387 -86.708511 6266.666992
-5026.674316 -2715.149170 -1527.403564
-3816.500488 -4141.387207 814.203003
-875.927490 -808.847595 3263.885010
3026.370361 4236.195801 -2369.943604
-3696.171143 -2704.001709 1631.261108
3008.135986 -262.111298 -1212.003540
-3920.700684 -2821.365967 -3014.137207
-2639.846191 -3761.275635 -1622.361694
3836.298584 4177.570801 963.991394
2411.671875 2589.522217 -5186.575684
2219.848145 -5017.718262 -2215.223145
-1447.654053 -2143.739014 1505.857178
-603.621704 2249.566406 -4885.922363
3312.257568 -662.250610 -2861.985352
-1302.152100 124.507278 -1383.879517
4197.753418 -767.942810 833.150269
3626.507080 4488.072754 453.601196
3542.809326 -631.946411 3812.949707
4147.669922 -304.352539 4974.575684
-2159.196777 -5825.811523 452.238464
-2842.091309 3087.696533 3364.462158
-1841.651978 -2542.805664 -3090.087402
4441.817383 -3419.064453 -265.748322
891.348206 1705.493164 -5824.805176
5007.687988 -1953.471680 -1346.007812
-2965.136230 -1247.303955 -2950.038330
2871.737305 6714.219238 -1620.711548
2052.447266 1459.218384 1542.580811
1089.667603 1619.130981 2654.159668
-3171.585449 995.815796 -4486.782715
-4696.148926 2739.094727 -1678.916992
-1358.454834 -1796.099854 4838.838379
3276.373291 5006.333008 -1315.458252
-6233.157715 -2075.637939 -2085.951172
-3780.536133 -979.973999 3351.285645
-3866.236084 832.669983 4988.269531
-507.266968 -3903.304688 2234.097656
189.193558 2855.870117 5970.813965
4992.719238 -3425.719727 -3496.332031
2541.198975 2313.814209 3687.846924
5546.073242 -388.913300 -358.279694
-1870.577759 163.996124 -772.331787
3746.449707 2351.664307 -3789.140137
-1175.757812 -3077.682373 -4914.517578
-270.187012 -4929.883789 905.325378
4069.165771 3761.737549 1874.436157
5908.862305 941.745605 -1414.768066
-3784.870361 -3873.458496 2310.904297
-2630.791992 1426.293457 5989.483398
2812.822021 1881.163086 1751.249878
-3086.783691 -2576.508301 -1665.953125
3600.767090 -1877.029053 -1011.448181
2830.249756 -2560.105469 624.028198
448.559235 5351.275391 -106.112633
3266.165283 1667.613403 1862.258423
-4614.398926 5268.243652 1322.277710
1251.561279 -5862.284668 -634.338928
-4155.353516 1562.255615 4890.410645
-989.993408 1474.116089 -3378.531982
-3125.356445 -614.411682 -5654.838867
-630.663574 3090.610352 1365.765503
5008.529785 -1649.408691 3248.846924
2134.164551 -323.711792 5450.286133
3719.248779 -581.404602 3985.406982
-697.450806 2933.948730 2283.663818
2592.630615 -3682.216553 -4696.927734
8377.303711 -5881.835449 -7768.686035
-1336.524048 -2309.723389 -2555.922119
-3216.982910 342.836304 -1529.842285
518.425354 5043.390137 -2187.071289
5106.115234 -324.499176 1169.073486
3524.566895 -1280.702148 -1849.834595
729.134705 6443.775879 426.119873
730.693726 -2541.549561 -1274.160156
-740.639404 114.433937 -5266.200195
-2607.664062 254.813568 580.434387
4130.397949 -5726.708984 627.571899
2439.905518 -6440.493164 -2217.920410
3124.753418 3506.569824 3435.661621
-574.665283 3900.111084 -5156.796875
-9581.301758 -3066.033447 -97.456619
1234.527466 4880.708984 -3397.611084
3370.966553 4026.252441 1433.114624
8492.691406 -3489.813721 908.065857
-2581.333740 -1568.259766 -2491.149414
783.709839 -4526.449707 725.054749
3374.096924 -5851.147949 2761.503174
5772.502930 1481.415283 586.351318
1481.323120 -463.783508 -4124.715332
4185.401367 -295.596893 3600.499512
-2687.982910 3091.091309 2597.033447
607.857117 -1654.137573 -3226.306152
-1249.857666 -3236.068848 -190.672821
4278.485352 3046.498047 2624.182373
1554.538086 1580.807251 2082.567871
-361.936707 -505.247986 -2183.962646
-2030.793579 1484.101196 1329.419922
-1423.287964 -1212.386353 819.336670
468.026794 -1667.281616 -2028.618652
3487.997070 -182.582581 -4024.842773
4362.286621 -3161.228271 2474.410156
261.188568 687.044128 7041.224609
-4054.910156 175.695892 -4676.370117
1687.363037 -2968.135254 -4957.073730
851.579956 713.618042 -3481.270752
-2487.186768 -5658.620117 -746.049133
1221.287231 1097.846436 -1779.737671
-3784.766602 3628.788086 -1445.740112
41.616657 1042.617554 3209.798828
-1356.177002 -1589.383179 4438.644531
-3247.964111 -583.428040 -5036.127930
-2909.154785 -5593.444336 -2229.619141
7629.319824 2462.495605 16140.691406
-1955.386475 4424.141113 215.879852
7221.760742 2459.208252 1547.549438
-247.584702 -2914.358643 5148.532715
-4051.708740 -2644.754639 1671.611816
-2666.435059 728.777649 3946.286377
3477.637207 4801.469238 -3160.651855
-4929.463867 -2839.974609 -1047.332886
-1295.844360 -6088.076172 2189.456055
5101.042480 -947.068848 1456.458740
1201.371826 7715.686523 915.655396
1369.697266 2622.036621 5113.341309
148.404099 -4388.127930 1081.844116
-1202.433105 -6581.824707 2676.069580
-831.591248 -3546.297852 -586.728271
3024.327393 2427.886475 -2460.265625
-2871.685303 -4319.534180 -3163.597168
5205.803223 -3712.273438 -435.643585
-2551.999756 5338.302734 1631.593384
-2650.599609 -1844.722168 -1048.244385
1253.434448 221.545929 -5175.185059
-59.397194 332.277222 -1513.202881
257.756134 154.766830 948.001709
-2497.248779 -2909.484619 -4020.817383
-696.218323 684.908508 -2660.889648
-3073.920898 -235.073898 -2366.615967
-2085.872070 -1594.922607 -2896.928711
3176.776611 -569.911865 -1322.789429
5415.438965 -2203.823730 -217.659607
3771.142578 -1724.828369 -1874.547485
-2498.500732 -882.890076 -3821.182373
1160.726807 -1504.073364 6986.865723
-1864.239746 -1604.820923 -463.252045
-1432.575928 -2055.523438 -1430.040649
1875.370972 -5377.955566 -2035.510254
-3429.234863 -2782.213623 -1861.139771
-2838.973145 -1704.925293 3063.153076
-640.420837 -2234.032715 -736.343750
-3520.059814 4930.198242 1541.703491
-221.669647 -6.671387 4514.127441
4202.475586 -4100.611328 1761.712524
4465.239746 4404.833984 580.400696
4387.265137 -857.529846 -2579.899902
3954.502197 -1100.456299 3392.964355
4215.636719 -4594.389648 2105.449951
-3954.634766 1724.497559 621.585022
-77.240051 1159.250122 -7454.274902
1933.814575 -2217.690918 -3625.116455
-858.554932 -803.034424 1881.291138
2901.164307 -2706.823242 255.868439
-6571.262207 -1126.029785 317.852448
-2055.376465 829.712463 -6539.479492
2127.458252 -4830.505371 -2968.639404
-2744.503418 -414.743073 -4549.543457
1695.031250 -3245.045410 5008.414551
2968.757324 1302.834839 2113.451904
-653.086548 -3254.422363 2221.630127
-2348.882080 3284.774658 -2341.587646
-2706.825684 -134.267731 -2104.707031
-4978.355957 -2627.153809 1780.125854
771.605042 -3397.396484 1911.751465
-2966.593262 1359.812012 -4901.356445
3594.639893 2597.151611 -3313.526367
-2488.186279 -1276.097778 -2644.365234
63.467216 3188.255127 3934.414062
3920.537109 23.744080 -2988.123535
5464.903320 2244.747803 1410.197510
3565.121338 1706.060669 -2135.840576
1341.052734 -734.790588 -4336.866699
-891.164429 -2224.127441 835.611328
2921.895020 1368.357056 -3722.821777
-1399.849243 2962.526367 1212.984375
-3047.418213 -568.012329 -746.828064
-4224.771973 -2555.635010 -1533.992065
2300.037109 3093.979980 -3965.940918
-1276.742310 15.492537 -1413.807983
5277.073730 -2040.544678 1687.800293
-3212.527588 516.613464 1974.909180
5110.601562 -2166.870605 1867.575928
5030.038086 -1280.752319 1930.018433
1312.293213 1600.506226 -3678.378662
-1674.244141 343.212921 -1919.763916
3857.254883 2551.794434 3866.746094
2125.598145 768.683411 -3336.851318
3922.915283 2058.217285 -3370.922119
-5241.358887 -1998.454468 2868.320312
1319.308594 3227.510254 3555.063232
2199.214844 -2947.702393 1999.954590
-1229.755737 2311.478516 1279.786133
-2819.084961 -4288.937500 2096.754883
-1244.379517 2740.994385 5760.508301
-2450.758545 2841.345703 747.875732
2086.818604 4438.911621 5137.865723
-1125.409302 -10588.927734 3039.267334
82.690140 5845.862305 -995.654114
3817.098877 -986.711792 -2017.161377
-740.324951 1023.178528 5297.059082
4880.313477 796.063232 -3730.737305
2537.544434 -481.123474 -2594.096680
4709.022461 2607.608887 1469.317627
-4112.949219 -2305.100830 -3077.620605
-2956.891602 -2465.367432 -5469.754883
-1704.738037 -2030.006348 -3544.432373
-1676.591675 -3150.487793 -5020.166504
-1404.399414 -1756.164185 -1845.691406
-3052.013672 182.738327 -3974.515137
-2105.950684 -5160.979980 1940.564087
-962.231995 -2208.117188 -5525.435059
-4079.680664 -1555.027100 -468.535339
2817.375244 -4849.929199 281.331848
-1263.818481 -3490.122803 100.457451
1795.837036 3180.130127 -3705.348389
896.582031 3852.364502 -3967.293945
1538.022705 -2738.744141 2295.429199
1906.790161 4572.025879 450.443909
-17.721798 -3178.127441 153.313095
1589.082397 2794.341797 1924.549316
-2523.541016 1770.199951 -3932.594727
-8128.376953 -223.422470 -5359.359375
5133.336426 -2394.402344 291.549469
163.412491 -866.292297 -2343.675293
-4462.919434 -3469.427246 -2192.438721
-2610.729492 -3390.597656 133.949356
-598.054932 3779.036865 -2069.381836
-4174.113770 2814.076416 -1611.930420
-6159.493164 2251.042236 549.539795
-3420.270752 -3268.705566 1907.113281
-245.524796 -980.995056 728.403992
2154.564453 5382.667480 2343.442871
-139.381348 -1251.296387 -1370.733398
-2890.874268 1458.095703 -137.282867
5559.027344 2006.936768 821.165161
1499.854004 5623.854492 2717.477539
-1485.275146 -1506.600098 -5169.312012
-5665.141113 1178.768799 4335.366699
71.573517 5968.247559 1158.701904
1625.869873 620.444092 1962.797119
-738.954895 -3635.085938 -2748.210693
-2408.601807 -853.829224 6465.598633
-1740.398560 -141.027618 1318.663208
8425.351562 -2994.676270 -719.438232
-1130.547241 -1593.747314 4156.009766
-836.811951 2031.583252 933.460815
-1575.721313 5317.694824 -2916.598145
2767.941162 -1435.141968 -1708.137939
-913.353516 150.327515 -6904.025879
3290.282471 -45537.929688 -4298.513184
3069.730713 2209.712891 969.654968
2892.254639 1725.015625 1166.215698
-1205.458618 1775.049683 -3226.836426
477.652710 -2570.875000 5924.091309
1331.839355 6646.096680 -2149.857666
-34.473442 -6175.122070 1335.942261
-2358.252930 2097.248535 -4387.558594
-680.024475 1674.275269 3115.466309
2808.447998 1939.296997 -4378.798340
428.001312 4750.640137 -4206.330078
4430.487793 5192.744629 -4571.444824
-5654.067871 -2117.157227 1431.561035
-2250.466797 3207.441406 -3535.268066
-2656.266602 -4343.065918 2702.746826
6755.176758 -2492.066162 -1813.864868
-1414.167358 -6752.727051 738.966431
2123.504639 842.413940 4205.084473
2772.227783 4426.691406 -2945.127686
-2367.718750 259.763916 1047.205200
-300.971832 -3913.343506 -4950.122559
-1157.863525 -4065.019531 -340.312866
435.261780 -4877.295410 1288.439331
31.081707 3503.991943 -1739.820435
-2282.759277 -1040.585327 2235.074463
3613.366211 -1987.848633 2277.426025
-5731.700684 1950.123535 -383.094360
132.737274 -3555.477051 5067.316895
-3554.396729 2541.145264 383.255798
-96.970314 6504.789062 147.395172
2361.491455 1314.092407 -2407.769775
-168.205246 4484.867188 3876.341309
3469.970703 1625.170776 -1458.540649
3092.709717 -4053.234131 3584.508545
4439.592773 -3360.338623 1100.584839
-643.740906 -4520.796387 -3210.693359
3358.420410 -2964.547852 3035.395264
-3674.920654 -2646.142334 2341.138916
1300.857056 -4916.591797 7934.075195
-3330.220947 2099.340820 1514.567261
4561.789551 -848.017395 3641.557373
584.321228 2816.404053 -5889.435059
3881.813965 -615.760620 1494.526367
2620.534912 2110.536621 4825.269043
4268.649902 -823.286133 -1200.710449
5479.464844 -27.199276 -1008.333618
1861.453613 -4126.585449 5015.137207
1692.196899 -325.413422 -5651.316895
-4053.072510 -3673.987549 885.940369
22167.666016 5048.541016 -3526.402100
5389.482422 3237.401855 -244.228073
627.148071 4676.571289 -3509.395996
550.495544 -4350.457031 3769.563477
-834.083496 3907.943359 488.750580
2675.162354 -2028.197510 -4931.103516
1669.859253 2487.241699 -1258.716309
5685.783203 -1200.210205 -423.706360
2810.351074 339.921722 5341.706055
-2523.569092 2672.269775 3014.913086
1235.587158 -4424.437012 -2775.244141
-4162.062988 -2246.042480 -1880.624878
-370.175720 -5845.978027 -202.146393
2318.673584 -1396.274902 -2481.923096
5622.583496 1640.317383 1554.195801
-3408.876709 1282.939209 -4554.536621
107.868965 -3218.685303 4846.081055
-5170.806152 1178.775146 2421.201904
3070.475586 2360.928467 1559.514038
-1966.370361 -5883.360352 -1561.414795
-981.871338 201.372055 -4133.207031
-2740.140869 1316.670776 -4702.682129
643.708862 -2282.876465 -5170.111328
-2106.232178 3828.845703 -1110.491943
4387.860352 -2177.545654 1705.592529
-1821.601318 -5326.356934 2354.431885
2941.779053 -1324.932129 1124.890137
2248.187744 5279.852051 2071.919922
-1418.143433 -777.908936 4844.999512
229.866852 1866.280762 1361.176392
-3207.783447 2243.697021 324.008972
1602.713745 2766.570312 -157.596588
4129.935059 2113.956299 1615.153931
-3359.383545 -3529.267090 2737.371338
2346.317871 2612.679199 -894.162598
-288.113953 -1874.701050 -4956.321777
2844.087646 -1434.496948 -876.450195
-720.786133 814.160461 2621.448486
-1218.670776 -1435.418945 -6434.469727
263.472870 1345.271973 -4312.027832
-2811.370117 -154.841202 -2826.345215
1966.324463 -372.556396 -3857.546631
2063.715820 -376.905090 -2599.741943
-2768.220459 -4081.496826 1059.222534
-5709.507324 2658.285400 22.847939
75.173828 -2549.154297 -5870.399414
-2970.492920 -715.653870 -387.420227
220.788437 1082.827271 6300.412109
-724.252991 -4484.520020 -3750.271729
-3663.560791 747.005493 393.306396
5858.546875 542.799072 647.881287
1709.816772 7147.876953 -2561.222900
165.507721 380.089478 1626.153320
-910.030396 -179.848602 43.507225
-638.535217 5222.161133 -4070.780029
4791.613770 -23.935070 2955.997070
96.528786 2187.729736 -4416.392090
1015.687988 -1363.409912 3107.477295
6200.131348 341.331055 267.799164
-106.656700 -6823.038086 -2208.268311
-5669.359375 1569.915283 -2269.584717
-74.490532 -688.078491 -5980.729980
-1011.116150 -4869.543945 -2414.825928
5348.941406 -3144.823242 858.802979
-3960.407227 -1669.628174 2836.897217
3278.971680 4560.476562 -8.351586
5150.058594 -1719.610840 -57.010910
-2913.215088 1021.046875 446.076294
3810.184082 -3283.178467 3118.181152
4464.360840 2274.533447 -1059.990356
3316.185547 -1528.477539 -1731.466797
-2517.148926 2159.498047 4528.192383
-113.648895 3247.710693 -2900.776611
1261.254761 223.260651 5412.162598
-974.561523 3034.424561 -1944.633667
3285.738525 -5525.662598 -492.296204
2640.766113 5116.700195 1682.089600
3597.458496 305.619293 -3983.145996
-1537.613281 5033.072754 -281.872833
1334.836548 -3612.529541 3780.260010
-2139.184814 -2586.106201 4560.008301
1651.302368 1032.316772 -4288.571289
189.137802 -1446.770386 -3296.971191
-4820.109863 1538.519409 2701.498535
-1529.882690 3184.422607 -3950.750244
5112.895996 2326.888428 -2487.599854
2145.818848 1727.975342 2805.799805
-135.026657 -2963.475830 5299.326172
4022.695068 83.345078 -4366.535156
90.534691 -4220.228516 -1715.717407
1949.832642 -3711.993164 -2120.504883
510.315887 1414.657715 -3694.824463
-2957.050537 -2200.275635 -5436.942383
-151.175095 -3102.758057 -4439.799316
775.703186 4309.670410 1069.019287
-1487.594360 4186.773438 -2591.781738
6476.035645 1105.463989 -1344.241455
2824.442627 -3716.468750 3958.551514
-2569.842529 1532.139526 -4303.736328
-361.825348 4876.131836 4011.628418
3680.073730 -1018.267944 -3067.935547
1196.830566 850.627930 -2826.115234
-1062.993408 -5864.941895 -4340.567871
-1611.794434 -6084.488770 947.929199
5392.698730 2770.984131 -940.574097
-1251.062866 -2451.154053 -6029.314453
-92.298431 -3697.419434 3147.951660
-1732.214355 6117.600586 -1150.071777
-3685.408447 -589.125793 -3522.810059
514.200928 -2911.669434 -855.544556
-575.238708 5466.918945 1878.103027
-895.212280 5582.012207 -3325.854492
-2245.234131 -3196.725586 3109.394775
-4886.828613 3817.249023 288.012787
-4125.755859 4181.280762 3088.454590
5773.840820 -73.920883 -2673.073242
4524.821289 537.194397 -1172.465210
489.793243 -2472.070068 -5062.157715
-2713.146484 -4259.657227 -95.790108
-3038.034424 1667.147827 4427.570312
-856.906677 4803.264160 -4920.857422
-1488.412964 -5366.127930 1015.493408
1091.042847 -3576.876953 2768.279541
-5.531179 -1550.700439 -5851.974121
-2467.515869 4097.477051 263.990723
-997.669128 3941.796143 1102.952881
1913.875854 4434.742188 730.165588
4512.219727 -1187.946167 3147.367188
-1609.197754 2083.762451 -4519.284180
4335.162598 -1526.550049 1633.235474
1323.003296 -111.669754 -3758.096436
-3597.588867 1963.804688 4457.832031
-2283.887451 -214.245712 2801.176514
-2209.929443 -387.510559 -1827.146973
1924.136963 -49.352913 4608.306152
-1938.855713 3026.342285 -2685.415039
-3798.560303 -2703.902344 4997.130859
2374.218018 -664.420593 -1206.842529
-3855.787109 487.308502 -4814.100098
1961.905884 -495.390472 4770.121582
-2490.307129 3968.126221 1847.539551
-2244.654541 -412.774048 5969.821289
6440.957031 -375.878906 1752.416748
4094.456299 -632.895691 1813.283447
-1553.338135 1438.974243 2302.545166
1810.289429 1622.596924 5128.780762
955.677551 -4401.348145 -3972.708008
1793.690430 -650.094727 -2439.750977
-2933.409180 1673.934814 2166.320312
560.383667 4931.014648 1970.466553
-4331.237305 -3304.932373 2572.375977
256.090363 628.974243 -62.008129
598.848389 6347.527344 -4395.795898
-7887.705078 -2524.882324 -1106.243408
-3473.185547 2031.950684 6576.307617
-2396.035645 3781.767334 -2224.142090
549.735413 1274.608521 1400.879028
-6605.720703 3542.861816 3010.595703
2233.259277 -1519.500732 -6740.445801
2861.304932 -4606.298340 3147.215332
-1240.673706 6513.355957 -244.973831
-1663.174561 847.190613 2091.131592
545.493835 -6342.429199 1142.293457
-5477.198242 -5693.225586 9443.958984
-4491.350586 2965.378906 -4276.145508
4598.429688 1447.547363 -647.708862
-112.964279 -2693.621582 -4798.342285
4587.668945 1690.333496 1228.043457
1009.370483 -858.214539 -5360.901367
-1548.978882 5850.272461 465.704315
-1642.890381 -755.147766 4132.925293
1884.891235 115.148048 2810.064453
-3906.425537 2243.935547 381.399597
-88.508110 -4060.252686 4135.198730
4116.598145 187.149048 -249.967300
1066.930664 -2957.984619 3181.175049
3696.716064 1152.221802 -2723.835205
-3129.575684 -4012.390869 -1700.013672
-3714.070068 -877.163574 4385.259277
-140.736023 -2327.928711 2158.400391
-1277.845947 179.927597 155.813370
4707.684570 1564.483398 -4346.483398
6288.084473 577.633545 5367.264160
3789.172363 -3862.450684 433.018311
411.609406 -244.768433 -6830.757812
3496.465088 -1563.710083 1489.286987
3208.875977 -806.026733 4512.046875
278.705872 1996.757812 -5117.515625
-1636.892212 -1058.798096 4824.616211
-1444.703857 -5626.751953 2251.813477
1551.295166 -2799.799561 4176.982910
-1246.501953 -2552.624512 5596.327148
-716.561218 -382.688873 1214.302124
-4091.088623 2772.938477 1563.820190
-3584.723633 2826.661133 -3199.864258
3582.477539 -605.827026 4451.956543
-560.017944 -2791.718750 -3551.867676
-5415.340820 -1659.157349 -2847.921875
704.500671 -5294.192871 -2154.113525
-4916.367676 2870.300537 2711.655029
-3915.355469 4280.431641 968.286255
-5316.377930 -1609.306885 2217.443604
995.811951 901.009521 -2892.819092
-4192.449707 -6347.949707 -117.857834
-1387.043701 1312.072510 -5037.025879
-814.832336 3263.433105 -5118.310547
-3178.115234 1148.822510 1237.682373
-697.291138 2725.651123 913.538513
4923.645508 -250.779739 383.980621
-2409.362305 2755.200195 -5509.994629
-752.582764 -4393.422852 4152.053223
-1932.179810 -4983.162109 1175.641968
2708.332764 2317.747559 1639.708862
764.624878 3010.139893 1864.368164
-1486.153564 5917.361816 182.848740
-2184.180664 3345.204834 1950.537720
1390.564819 6033.823730 360.176453
3506.895996 975.570374 -4203.533203
-5147.450684 2412.037354 2019.703125
302.522278 -3977.976074 -3759.421143
178.453018 6126.229980 1164.024658
-3562.057129 -1583.696167 2704.794189
-1350.559814 4767.980957 -2570.701172
-4528.751465 -138.846405 4014.899658
-1571.844727 -900.678162 -3755.767822
1239.235718 -5009.492676 1656.267578
2683.754639 1089.736694 5338.165039
1417.900757 -1566.712769 3713.818359
2569.914551 3588.192383 4262.895020
-2424.533936 -2947.954834 3710.333252
-1553.203735 -1077.745239 -5610.125488
3243.528564 2249.913818 -1424.955811
-3365.215576 -2560.509766 1675.389038
-229.707687 -2127.478516 -5777.054199
2026.010376 -3314.269287 2092.625977
869.650391 -1213.105103 -2623.648193
-117407.953125 -44636.523438 75973.414062
704.153503 4265.564453 1964.708618
3933.703125 570.473267 4123.830566
560.337097 -3107.805908 2486.773682
-436.312500 -5534.000977 86.832680
4996.061523 1702.940186 -26.135023
-534.804443 3938.903809 1335.881348
4117.318359 -789.182251 -2232.453857
4604.105957 1384.814941 -2750.657227
3659.900146 -322.720490 685.251587
837.246460 -5087.380859 692.197388
2102.347168 -3980.575195 -2489.428955
-1348.904907 5597.245605 3318.266846
-1211.208496 2932.133301 2034.612671
-2935.424072 1855.441650 4299.153320
5770.599609 -0.701648 -696.689392
-3136.039795 3464.905029 1973.590698
-38.195793 228.825974 1028.007812
-6091.439453 837.016418 320.926605
-5275.663086 1989.849609 -2675.805664
-53.298119 -706.467285 -4884.270996
-767.115601 715.373840 2661.264404
-2729.362305 264.114746 2429.357666
-1662.568115 -1675.176025 1086.412720
3813.728760 -150.177628 3852.184326
3917.132812 -703.350464 4024.306152
2981.002930 -1521.403076 2159.468750
-5043.562988 -3301.347900 -745.873413
-5028.664551 -2864.524658 1582.472046
-2045.264771 3658.354004 -1940.259033
-441.117340 5972.497559 1402.262573
-3019.219971 -462.174072 2962.795898
2351.265137 -609.705505 -3506.946777
-460.569489 1269.022949 243.067001
4439.355957 622.369141 -3034.794678
-2322.166504 -139.898636 -776.018372
-88.156586 -60.313717 -2338.873535
-1086.825317 1042.052490 -7082.821289
957.210938 6270.405273 1302.342896
-749.087646 -809.511902 -584.712158
-1854.111328 2534.230713 -1737.991943
-2777.154053 -307.468170 275.655304
1928.185059 802.365540 -3390.574463
-7068.873047 -2263.243652 2321.093506
-2946.327881 2150.867676 320.768768
4780.826172 1645.097290 7923.337402
3640.442383 3511.746338 -2838.589844
179.933533 2876.719482 1071.012573
2229.672363 4698.225586 2249.347412
-1422.643921 3578.192383 -2805.695557
2553.498291 -2844.139648 -3469.468018
2923.051514 3682.697266 -2842.621826
683.090698 -2807.031006 6128.231445
1928.726074 -281.628815 -4021.112549
2691.876221 -2100.082520 -1061.457764
3382.853271 3948.340820 1133.092773
1189.931885 -2503.209717 958.046082
3520.081543 -2072.256348 -812.999146
2116.195557 -1591.809448 -4550.716309
-1248.151123 239.348801 1247.809448
3955.302002 -992.119629 -1550.757568
662.324402 -3376.838379 -3545.110596
4761.853516 -1862.351074 722.668579
-5703.307617 2475.358643 2028.772705
691.888672 2181.565674 -3051.290527
-58.204720 3090.265381 364.185272
-4578.593750 -2857.194092 -159.175568
1184.344849 3215.521240 -2574.016113
-2117.774414 -1241.644897 -4743.957520
4858.471191 -1473.412109 2886.773682
5916.418945 -176.298050 709.086121
-4999.511230 1676.341675 -3223.727539
-2687.320557 -580.025085 -5280.617188
1360.932007 1802.314087 5257.090820
2503.965088 -4261.348633 -346.680328
2157.442139 3708.962158 358.059448
-1341.193726 2485.552490 -3242.347656
1338.102539 -2562.452881 -1103.791992
-1255.830933 3863.365234 1339.282349
-9762.104492 -5545.130371 686.414917
-1973.773193 4507.330566 -541.708923
-6778.075684 -684.493103 -2839.729004
-1119.846436 -2943.614014 -1773.210571
-2198.693604 4530.325684 -3251.543945
3007.434326 -5062.871094 1589.675537
2176.777100 -4189.691895 3092.732910
-4768.401855 -3570.058594 8260.645508
1787.080444 -81.022484 2051.084229
2188.937744 5802.094727 940.323792
1654.215576 5106.960449 -1393.416504
-128.259903 4564.331543 1796.146606
-4245.225586 2595.923340 2365.149414
39.530518 3029.052002 1744.504150
-4068.803467 -3155.668213 2094.615723
1293.371216 4774.885742 1946.230469
1498.698242 -484.885010 3533.418701
-3493.252441 2208.496826 4716.679688
-4795.096680 -1630.590576 2285.335449
-768.847229 3332.186523 3414.600830
213.220825 698.469482 736.697693
2419.762451 698.382690 -2727.473877
2532.251465 3981.531494 -119.201668
-1810.947144 -954.631714 -2427.734619
1100.100220 3328.867188 -782.838074
3616.896973 -1960.958252 2895.009766
3227.528809 526.657593 -1337.123047
-1182.938965 673.488525 -5769.628418
-3419.612061 -4110.310547 -1095.831909
13416.959961 -5054.468750 -2770.502441
914.886353 -2631.247559 6809.231445
3575.964111 -2360.313232 3282.265137
405.492828 -1828.926392 3960.611084
-3642.981689 2327.620605 -3639.692139
-3292.382324 2299.132080 3605.428955
1753.302124 2203.175293 2239.291992
-4920.525879 1996.933105 -2563.924072
3545.987305 -5239.860840 4286.623047
1038.548706 -1234.998901 4458.342285
-2996.753174 1703.387573 -184.299484
-739.885681 -2462.833984 5176.786621
3030.130615 3303.778320 1477.290649
456.987457 -1608.371826 -419.645325
-1458.036987 1099.801392 1464.407104
-146.584076 1859.611084 1223.523682
1179.636719 -679.859436 -5745.095703
4765.606934 523.004333 3102.097900
2451.886719 -3823.640137 1301.403809
731.034485 -1607.760864 5814.224609
-3493.752930 514.360352 -5397.045410
309.669922 -5699.581543 1788.806641
926.103455 -3468.620850 1771.488892
604.543762 -6816.091797 -80.247643
-1171.712646 1320.785156 -3452.597900
-2848.083984 4447.973633 2963.136230
5626.639648 -1400.669556 -3052.141113
259.683319 3901.946045 1949.488403
517.760132 -3648.928711 3612.435059
-11.055431 -2215.891846 -5352.247559
4277.258301 -3310.799072 -406.487335
-1537.174072 5310.281738 -179.160553
-1917.167358 1013.882141 2461.020996
-994.014465 -877.534485 4664.249512
695.703003 1863.272705 -4729.750488
-3175.559326 1675.588867 5187.966797
1468.432373 -534.805237 -4222.552246
-96.388992 4316.968262 4364.127441
3838.476562 -2930.397705 -1104.248291
-705.800171 1358.317871 -5591.648438
755.304260 -2315.918213 -4801.921875
237.680481 -4640.276855 1429.951050
-1727.509155 4958.075684 510.029449
1712.067383 2729.683350 4793.689941
3193.205811 -1896.394165 -278.619476
173.017334 -4434.281250 -3798.296387
4518.933105 454.593262 -796.960266
-2105.527100 -543.936035 -1930.815308
4294.582031 1890.661743 -2457.528076
-384.454285 -2057.977051 4763.185059
1935.074463 4648.715332 562.980774
7858.206543 -308.271606 1807.238037
-1064.499146 -727.658569 8103.081055
-3044.925049 4442.373047 -1749.296997
4740.523926 -506.604523 -4019.439453
-269.792023 -363.461395 -2197.427002
1948.876099 117.188545 -5306.478027
50473.695312 22493.314453 -35867.332031
-4136.137207 -117.193321 2679.094971
2233.593262 3839.644043 1821.008057
2195.937988 4147.166504 3371.927979
-3387.140137 3342.852295 4505.201172
1078.084351 665.801270 -6461.171875
-4769.109863 793.363037 -157.272369
1416.595093 5613.347168 1280.426758
5027.845703 5316.495605 -258.006073
4930.324219 3610.050049 1.632512
698.338684 2889.992188 5632.635254
2835.514648 1411.651489 -1746.600342
-4548.319336 957.479248 1123.670776
1244.042847 -876.908447 4430.733398
3823.738281 345.044434 457.050049
3629.356689 1881.761230 788.161072
2202.340576 -570.149170 -2687.504150
-660.224548 3016.979248 4123.981934
-3895.708008 763.509949 3829.889160
2136.863037 -3213.607178 -3091.425537
-4730.750488 -3502.404541 -648.850037
421.697815 3512.946045 -1530.596313
-984.947083 2636.164062 -4398.748047
1491.160034 4970.695312 453.483521
-3673.747803 -3890.342041 -595.998352
-4693.702637 -3092.716309 -2086.010254
-3655.956787 224.705475 -3126.128662
-767.714355 -2549.894531 3310.566650
-2390.639893 -5419.410645 1416.532837
-5798.480469 569.434937 1486.272217
4234.218262 -2019.510498 -185.089050
2637.764404 -1673.168945 2682.208740
1077.027222 -4693.276367 -842.852173
-2243.436279 -494.451263 -5622.111328
22369.744141 36323.257812 10270.774414
629.836914 -783.562927 -2941.541992
-822.315002 8073.812500 -3139.705566
-8673.162109 2525.898438 2739.205811
3362.830322 637.522766 1243.064453
3842.674072 -943.307434 2390.452637
1196.878784 4287.329102 -3415.503662
1010.111145 772.406677 5343.362793
-1241.201538 -3760.232666 4820.206543
5703.451172 5055.658203 -254.269424
-3665.017822 423.784241 1178.627808
-4663.782715 -2930.498291 4783.926758
2945.255127 1267.688354 -3275.177002
-2153.713867 -3720.238525 -3607.946777
912.742554 3247.233154 6565.288086
-6221.381348 -6053.250000 1246.986450
4792.847656 -1815.492676 -1578.321045
-2081.480225 1135.094727 -3286.591553
-2031.779907 -1403.261597 -1508.134399
-3195.197998 -4302.895508 -45.432812
1577.848999 1338.634644 -3992.679688
128.487717 4009.107910 3279.529785
-4875.329590 -2094.063477 -3196.410400
988.299744 -2958.243408 -4809.177246
169.506531 3275.588867 -5888.435059
5994.354004 -1185.335449 -415.638519
-1175.707886 1910.584839 -1195.905029
3656.902832 -2323.593506 4081.681641
-1946.021606 -2335.171143 3982.724609
2473.588135 -2853.619873 5224.848633
1858.195312 -470.198486 -4793.438477
-535.742004 785.417786 -6109.468262
-175.264313 124.011063 -98.783554
1535.288818 537.707520 -3139.526611
5001.355957 -1128.083862 2546.627197
883.428467 4580.068359 -105.224304
-2740.897949 1176.380005 3423.201172
3494.092041 -2146.439209 1668.178101
-3488.429443 1494.775146 2711.176514
-1549.085083 -2799.573730 4159.227051
-4942.863770 3291.433594 1076.788574
1787.952393 -312.590210 -2985.178711
4734.020996 -2876.889893 71.191025
-4091.882080 -1708.502197 -3792.020264
-2152.512939 -799.137329 1344.672729
1842.979614 3758.790771 -1726.547241
3474.834473 -2176.621338 3135.136475
-3238.093018 3055.369873 3327.114990
-3876.634766 -3444.251709 -2156.221924
-4701.190430 1882.612915 -3034.252930
1413.692627 -358.219788 -746.320190
8973.261719 -5475.003906 -864.045227
1008.248047 -4982.812500 -425.905640
6059.339355 -2807.574951 2971.016602
4585.795898 -608.774414 2581.970215
2500.346924 -1800.934448 4484.626465
-4232.833496 -2222.799072 3393.913574
-1226.550171 7542.003906 -681.825928
3489.221436 -3551.383301 2362.371338
-964.501709 4208.091797 1785.707275
-334.502808 -704.521484 -5719.363281
3642.041016 5395.370117 1852.749146
164.126877 -3718.690430 -4608.470703
-4253.952637 2913.898682 -635.298950
-1948.429077 2035.341064 -2817.672852
1986.611084 907.219116 -3566.875244
2457.882324 -6361.394043 1321.214233
6831.193848 2193.030518 771.477173
1383.784180 4269.123047 -41.616467
-3498.789551 618.405945 2672.882812
668.505859 -2272.578369 -1602.244263
6542.595215 379.178833 -195.536499
398.146240 3929.242432 -4652.676270
3044.380371 1912.319214 2258.439697
-1907.265381 157.871704 2340.994873
584.980408 -2154.548584 2640.752930
-3193.481934 1843.455444 1855.021362
-5378.471680 -2141.062744 1907.427490
-5534.467285 -232.081848 3053.347412
-284.207336 -3110.184326 471.728943
52.969513 1654.147339 8044.485352
-8618.317383 323.784668 765.768250
-1766.981201 624.785339 1960.086548
-8165.962402 -678.728149 -2763.106445
-643.343872 2354.105957 5103.232422
-287.418640 3688.605469 -957.699707
-4046.007080 904.693115 1104.397827
-2159.863037 3445.990479 -4664.220215
602.681213 4653.461914 3304.147705
-6459.499023 3142.757812 -1033.419678
2681.133301 2861.973389 -4102.742188
2201.700928 5337.119629 -459.518555
-3430.109131 1931.435547 4169.500977
-4690.784668 -1175.108398 -3456.319092
-3395.157959 -2173.434082 946.843933
538.040771 -1989.135986 -2473.090332
-6726.142090 -1072.736816 2244.640381
-5636.722168 797.122620 214.474487
-3450.308594 -1077.262085 5794.913086
-150.625198 -1056.211792 -5160.530762
984.279114 -241.675766 -754.687988
342.352722 5962.968750 -5442.173340
-4953.018066 1221.175659 1909.535278
6004.743164 -1113.916016 687.645386
-1513.980103 5475.748047 -1361.733154
3266.350830 212.690247 -1615.557739
1455.280884 540.366821 -3387.992920
-1662.831665 5537.442383 667.179993
1510.290771 -203.187897 -1653.193237
5988.835449 -2052.776611 -1200.963867
-2685.911377 4693.897461 1597.622192
808.395630 3491.177002 917.450989
4746.801758 3464.740234 -1602.709717
1227.917969 -2311.045410 7296.173828
95.703522 783.166931 -2299.139648
-5717.503906 -11411.901367 2334.057861
3059.294922 -1155.725342 5645.155762
787.757202 4007.999023 -3522.066650
-272.150330 -855.867676 2410.491699
1165.707031 1648.675171 -3630.089111
-3261.310791 3599.167725 -2166.771729
-213.317627 6850.406250 -220.137436
5034.162598 4731.338379 -118.294830
2733.183350 -4423.685059 -1658.434692
-3758.619141 -1341.595947 -4704.761230
2005.010132 -143.881668 -2120.691406
-4488.726562 3059.697754 -854.261292
-1961.292603 2120.239990 -5872.400879
1208.187134 2969.802490 -1597.277954
-471.770905 4758.875977 3864.625977
2208.592285 -3033.042236 -4195.089844
-870.376221 5351.384277 -507.186066
-6668.224121 -2020.093628 3204.567139
1726.491455 -3587.126465 -3042.919434
2692.565918 -3465.999023 3343.336182
5536.735352 -1925.458862 -47.419273
265.056458 -4515.531738 -3778.903564
4502.095215 -2026.843140 -1660.201050
-562.866760 -6457.892578 -1851.960693
3977.170898 3915.364746 -4299.428711
-4767.639648 2270.275146 2609.250488
-2106.639404 3877.231445 3899.763184
-3332.726318 -906.714478 -4086.075195
-1253.889160 1339.820312 -5370.527344
1498.941772 1136.170166 -3868.195557
-933.971802 -4519.973633 4227.614258
-4873.625977 -816.184753 -2438.145264
-5943.854004 1372.459961 -3294.228760
46.623096 -2746.121826 -4844.451172
-1406.177246 5023.955078 1510.761475
-2621.551270 -2786.748779 -3047.331787
5314.831543 2266.661865 -2426.628662
-3258.005127 3953.520264 -1405.736450
2809.308838 -1464.203125 2602.941406
3687.103027 3184.170410 -2295.271484
-1410.856445 -4623.731934 -363.089752
1743.076416 721.827942 -1997.372314
1200.521851 -1875.151367 -3954.390869
-4798.541504 1293.354004 -73.003632
3188.275635 5691.632324 -2771.843018
148.232117 -2660.828125 5430.203125
-3857.162842 -4039.675049 380.221008
-4069.761963 4110.410645 -2526.295898
-3631.466309 -2727.767822 -2165.326904
1721.869141 -2700.524658 -2621.851562
3404.575439 4030.155029 -2150.907715
-281.477661 -162.659622 -5363.482910
-1290.730957 451.139282 345.066803
-931.356506 -2909.067871 -591.009216
-4897.111328 61485.429688 -617.155640
-2785.660156 3853.962158 -2643.542236
588.366882 4844.366699 -1817.554443
-2606.015137 19.786770 -2739.471924
2131.655273 2967.543213 -288.831055
1637.059448 -3241.898193 -4911.952637
-2075.268066 3357.352783 1189.873047
4307.597656 -2264.042969 3181.521729
-2132.707520 -1740.075684 -1105.789062
632.798584 1457.381104 -2430.509033
-2161.376221 3073.331787 -3067.555176
-799.296448 -154.613312 3920.708252
1667.602539 2167.442383 1962.417358
-206.069473 -32.011814 -5127.071289
-3872.654297 1250.030884 4001.458496
-2924.594971 -6388.144531 -3347.556152
5847.798340 2309.955811 5573.363770
-1923.232666 -1534.922363 -440.677399
1212.471558 4532.993652 2761.917236
5115.151855 -2283.341553 -1453.168091
-1023.514465 1490.373535 -4126.378906
-3456.250732 3750.415039 2774.421875
-2256.102783 2709.979492 4483.128418
4593.291016 4798.260254 -1209.051514
-1862.500610 3357.632812 -3081.752197
2625.971436 2158.755371 2823.093750
-2183.680664 -5386.831055 -988.409668
2018.018311 845.025452 3870.604980
-1753.667236 2687.571533 -4028.105713
-833.279785 -585.147827 -4087.183594
4783.170410 -980.178711 2227.847412
-4901.109863 -1792.757080 4352.371582
-2618.674316 4312.875000 2204.019043
-2607.788086 338.221436 -4747.342285
-2334.028809 -1675.475830 1633.901367
2264.980225 -3702.105713 3165.528564
-250.169922 3076.814453 2459.346191
-1236.618408 -1967.194946 -3367.709717
11651.077148 -2305.974854 -5568.632812
5649.714844 -2094.475342 1732.131836
237.230774 3240.157227 -3009.446533
-861.254700 -2775.941162 3691.457764
-5748.955078 1573.307739 995.833069
2764.569092 2073.050781 -298.415527
2557.180420 126.077766 -2649.383057
-2797.854248 -2883.980957 -2326.298828
2339.566650 -2505.479980 4474.620605
1749.490112 5593.974121 -1948.973999
1508.579102 -2404.068848 2325.138428
4056.580566 -946.019226 7935.154785
408.296112 -1771.527466 -3047.379150
4701.933105 -1181.953247 1726.851318
5628.843262 2061.883057 -415.228851
2770.082764 -773.972778 1825.087891
-3691.908691 4401.276367 -943.790161
-3780.584229 851.712158 3695.354980
463.612183 -3968.587646 -3077.333496
3663.813721 -2143.673584 802.198120
2445.447998 -3987.339111 2113.208496
-885.522400 -5082.247559 1802.568115
-1302.373291 253.956085 2439.130859
341.060760 -6200.933594 629.525269
2995.036377 -1525.921509 -4432.045898
-5438.976074 -355.314484 2011.507812
-384.305634 -3148.105957 -4643.319336
-3883.352051 151.984924 3334.515381
-770.367920 2328.491699 4635.820312
239.849762 -1075.130005 -4332.995605
-2988.361816 -3967.628174 -2096.252441
-1253.092651 6512.335938 -1228.292969
3753.907959 3623.880371 2269.214111
-2664.213379 -1320.473511 -4196.515625
-4321.769531 -2587.768799 3263.437012
-3094.291992 -3009.281982 -3164.792480
2531.334717 3234.888428 -2750.806885
4538.001953 1306.570557 44.682167
1438.129395 3909.774658 -3089.403320
303.112122 -3005.080322 3933.365967
1065.085815 1664.966553 -1005.421753
3467.537842 -1652.768555 -3561.788086
-1145.278687 1172.111206 685.973755
5837.808594 2269.200195 343.940979
1157.025513 -1046.036499 -4086.447021
1577.738892 3996.572266 3607.912598
2266.009766 -665.897827 -3244.945801
-5003.679688 -2923.271729 2806.640625
4197.758301 1112.440796 1311.503174
-4456.038574 382.292816 3012.324951
981.793579 4133.980469 -3121.756592
3621.484131 4118.340332 1586.310791
-2419.382080 761.518555 -1394.209717
1376.108521 4738.559570 -2865.118896
2508.793945 5696.679199 -147.842422
4026.531494 3849.170654 -2310.731445
163.256363 3693.886230 1275.477417
-2640.263184 3604.878174 3734.646973
91.890434 -697.382935 -6346.032227
985.545105 5449.616211 36.763168
-1630.029785 5164.230957 -1081.641113
2367.862793 -2943.034424 -3383.544189
-43.223064 -3832.423584 -4899.729004
4872.038574 1086.844238 -635.277588
5212.874023 -28.309378 856.033264
-7280.439453 746.550720 -1609.263672
1361.788818 3788.867432 -3257.542480
4941.056152 3493.965820 1093.396851
-2892.208740 2192.542969 3939.385986
4944.371094 237.632172 6723.836914
-490.673950 4310.102539 1224.007812
-1551.274292 -2476.566162 2691.238770
2629.846191 1482.101929 -5247.037109
10376.561523 7126.050293 -11391.925781
2655.756348 2230.025146 5255.450195
-1025.984009 -419.539001 -1231.306152
-2577.786621 1362.117065 -5532.978516
-801.361511 -1999.392822 -2060.414062
2491.606934 2573.980957 2351.477051
3383.858154 -248.621826 5150.694336
5006.471680 -2890.069580 -2112.364746
-2437.519531 -1275.615723 -4533.153809
-3292.253174 -904.728088 1181.052734
552.020386 528.482544 -3426.712646
-6193.106934 883.855408 -390.627533
745.807373 760.221313 -5817.903809
-3190.004639 3073.169922 1231.403809
-161.308014 6128.513184 -55.250340
-4440.196777 -2218.168213 3143.433838
3851.216064 -5779.211914 4903.588379
1627.588257 3159.580566 -4485.898926
5605.078125 990.010620 -191.243195
4967.433105 1399.434326 -2834.171387
2770.582520 -258.046265 -5423.586914
-559.420654 8.089273 -999.558350
4089.479248 3129.847656 -2953.141113
2198.696533 2136.309326 6860.643066
-3302.067871 5611.630859 -2114.869629
1498.637207 -534.618530 3148.345459
2867.651367 -1198.299927 -1865.518799
5248.157715 -146.175735 218.752548
2887.000488 -997.950195 3939.247070
-345.600403 5305.621582 139.710617
2765.582764 1613.916992 -313.441528
-4053.825195 1106.045410 -4882.376465
5072.614258 4890.424805 3631.760254
372.851837 317.008331 -3681.360840
-1435.412354 -2023.024170 4359.002930
4424.526367 -1289.095947 2021.591797
3551.869141 -3071.965820 -4978.113770
-2047.452637 1120.636963 -4674.164551
2904.584473 870.435608 1992.078369
-3423.023193 -2907.097168 -1075.605957
4560.557129 -906.513794 2050.932373
-2876.484619 1523.578613 3584.693848
-1757.767334 691.752930 -4069.432129
2698.143555 -2201.972900 4471.668945
7033.834473 -698.031738 2447.639160
-515.997253 5258.271484 3267.980469
-2146.523193 3175.284180 -1698.480835
-5561.242188 13821.799805 -5187.439941
1004.650635 -809.392761 3404.974121
-5284.114746 2051.182373 1206.666260
-4872.488281 1425.902100 -3873.913086
578.904236 -3887.843994 -4354.056152
-4505.717773 2215.452393 -1965.754639
-3894.220703 -1985.597656 2099.438232
-5925.628906 2374.537109 582.795288
192.452133 3206.833984 -3190.702393
4974.622559 -2442.523926 -1189.518188
7268.388184 2617.816895 11217.159180
-2794.270264 -2890.125488 2091.834473
-1802.248413 -386.296173 -230.423096
-2077.861816 -266.269043 -1156.438721
1391.648926 534.205872 -3596.693848
5069.458008 -1189.924561 3022.258057
-1141.124878 100.238625 2076.537598
1301.873413 325.005066 -5072.727051
143.399323 -1093.192261 -3623.882812
1456.070068 1158.128296 1380.317139
2149.119873 -2351.419922 -4342.606445
-4666.158691 -3939.529785 757.572937
1288.088257 -660.381470 -5172.904297
-2607.316162 -716.503479 -2121.083740
-2356.019531 -5149.943848 -791.444702
174.252029 2835.434326 -272.036255
1642.219849 -6084.027832 560.386230
35.856750 1083.958496 -3848.329834
341.337067 2499.807861 -3069.977295
2086.090576 1247.792847 796.188354
-537.199707 -1958.832275 -4754.700684
4898.163574 -4603.060547 -2726.018555
4984.519043 3349.669678 4634.783691
-27850.921875 6299.325195 11111.283203
-1408.154541 -4562.731445 -2757.928467
-2306.340820 2814.054932 -3516.742676
1659.967407 3847.130127 -5006.387207
3013.954834 3382.075195 -1429.172607
1189.280273 3915.517822 -593.179871
-3032.312256 -2171.449707 3742.091309
-257.943237 -4029.508301 3733.893555
1522.315308 6174.341797 -122.221146
3005.687500 -1921.720215 -5678.631836
2854.702637 -1556.541260 1981.594727
5555.196777 -1143.696411 460.050354
-5058.136719 -968.704651 3202.234619
-691.047607 1516.041992 -3216.579102
-1892.450562 345.211670 -193.744034
-1406.407715 -2929.993164 4386.834961
5577.247559 2141.732178 815.684509
-539.612671 4620.230469 1691.828125
623.116089 4405.619629 -4014.896729
-1632.191284 -310.573212 -21.192347
2172.296387 -2810.193604 -1490.688110
-66.944809 -4738.396973 -3973.120361
-4092.384033 2550.579102 2967.432373
-1761.974609 -219.027588 -1823.665283
-3125.850098 1562.157349 1768.085815
-381.685394 2141.056641 -2417.462402
-2620.799316 -132.107666 -2521.620605
-327.710419 -1953.468384 3750.836426
-6244.299805 -811.742554 1022.798645
-423.645508 -4423.146973 3569.841797
-394.815491 -3491.593994 -3986.148438
7494.745117 -17322.904297 8953.109375
-325.255493 4275.665527 5183.888672
-4789.038086 619.897583 2733.465088
2392.745117 -4233.757812 146.840942
-3156.507568 -506.313843 -3866.058105
-4483.754883 3563.348389 -501.551788
3318.878418 -4005.317627 1042.135864
-899.652283 -3489.641846 3669.565918
-2869.636475 6103.369141 662.889832
202.964859 -80.441902 -676.142761
-5344.023438 1277.964722 -355.094208
-3529.689697 -1548.088623 3893.833496
-5772.795410 1720.905396 751.861389
-928.850769 -2941.064209 4809.396973
3963.992676 -2390.436279 3947.520508
638.405701 -1447.348022 -1250.179199
-1157.820923 -1455.875244 -4297.725098
-70.201172 3737.228516 2075.313721
-2.115719 -6668.640625 1776.733154
4880.642578 -997.982300 3883.929443
1559.328491 -6930.643555 -1338.252563
5916.283203 23.303442 4263.703613
5793.643555 -725.789307 -551.148743
-2280.274902 -4332.030762 2228.819580
-5583.327637 -604.234924 2705.216064
-2123.088379 5943.682129 1037.984009
-2765.660400 -2251.263428 -7126.457031
2102.331787 -3397.880127 4919.262207
5172.380859 1857.153198 -501.217682
3952.798096 -3897.651123 2185.268066
378.525238 1086.248657 5273.246582
-5273.852539 1678.872559 -5128.850098
-894.646912 -466.353943 -1144.540161
-7741.482910 -2582.469971 -299.101593
-16877.570312 3374.328857 2480.947998
-269.570862 -125.668488 -3243.981689
-3848.538086 -3144.574707 -2141.900879
-1641.702148 -3150.769043 3922.663086
402.998444 2484.162842 6750.202637
-5437.063477 -2649.122559 530.008118
3182.648926 -3139.017578 457.842896
-2368.166992 -5573.561523 1181.556396
-5324.032227 -10667.903320 2897.570312
494.728210 5351.144531 2801.895264
2859.124756 4172.378906 -2802.568604
4372.941895 -3642.392578 2287.536377
2770.553467 4477.322266 -1673.337646
-877.015442 -3484.084473 -2118.424072
-5409.625000 6598.375977 71.367653
-4520.085449 1599.068115 3797.062744
-2952.891357 1790.975830 5324.934082
-262.299255 5346.697266 -2728.495850
18.691612 -2080.354248 4661.185059
-2303.802002 -3564.999268 5049.439941
-3241.549316 -1438.592896 -3763.462646
2992.256348 6650.109863 -3447.857178
-2801.844482 476.865173 8648.099609
-1901.187866 4942.983887 2354.897461
-1361.999878 3571.852539 4102.748047
5741.413574 -766.375732 5933.429199
-1375.247925 -6477.494629 -1462.574097
-1060.405396 -282.387207 707.882446
-395.953125 -5273.750488 -2773.548340
1081.868164 1588.927856 -4755.354004
4120.908691 -2795.047607 1558.200439
-1694.561401 -3630.068604 -689.987854
5445.344238 -2022.798218 -211.747894
4148.313965 -506.603485 -2609.436523
-1878.089233 3844.389160 1101.722900
-4226.629395 4757.506836 468.963196
-668.863831 -4987.958008 -1108.085083
-3944.437256 -599.957275 -1971.332764
-4241.246582 -3393.693359 -484.559479
796.544312 24.437742 5646.318359
-4346.955078 -3744.734131 1311.188965
1985.305298 1538.366577 3062.705566
-2255.839355 -800.433899 3551.465820
-1488.606689 -5281.281250 3208.579102
652.576538 -913.181396 4404.104492
33.752556 -939.513000 5732.666504
4843.530273 -3357.279541 1379.861572
-2241.748779 -5311.702637 -4080.690186
-3304.797607 -3684.636963 -2280.215576
487.799530 1668.237549 892.587952
-119.121574 2190.657227 -4329.445801
-378.509369 5759.585449 3081.543213
-2703.001221 -862.767578 -3234.131836
90.561501 -4410.527832 -4254.652832
901.839417 -2771.166748 2509.981445
-1461.758667 -3464.319824 1563.957031
-554.657166 2301.239502 5261.062012
4061.128418 1572.391479 2719.587646
-686.808228 -178.462524 -1000.654846
-936.558228 15136.631836 -6371.288086
-2032.863281 -4197.259766 125.137245
3383.167969 -1978.126221 -3551.239014
743.627869 3791.211182 5394.448242
-810.490784 -4775.843750 -2207.287842
1351.587280 -508.936493 -3729.243164
822.974854 -3359.028564 719.645691
1615.421509 -1478.585938 -1251.585815
-6393.335449 -256.982574 818.121338
259.767822 52.782417 2431.208740
-4535.129883 1547.888550 1039.233765
-1470.031860 5561.001953 -1261.419312
719.716736 194.718384 -1961.590332
-2104.163818 -3583.089844 1064.958618
4852.455566 -1722.673462 -1383.307983
-1113.234131 -10.225179 -2883.800781
3865.381104 -583.854553 3120.334717
1231.478394 -2636.815674 -2186.687988
752.980347 -4269.968262 -3463.767090
1842.150879 -6868.565918 2200.420898
-1404.897705 3830.070557 2079.010254
1726.697388 4928.283691 824.320801
3203.360596 -551.030273 3372.033203
2782.993652 -4684.678711 -1372.470459
-4215.904297 -442.866730 4233.265137
-2078.307617 -1465.843872 7481.948242
-3779.999023 -950.973389 -3385.458984
2729.591553 -3394.181885 1842.892456
-4814.877441 705.577087 4254.052246
3383.337891 -529.299255 -4067.985107
-3543.158936 -283.007721 -4560.275879
-905.289917 561.998596 -1345.399292
5475.216797 2120.192139 547.728516
1845.429321 -2905.396973 -5317.538574
2131.878418 -3284.371338 1491.551270
1755.088501 153.079880 2110.354248
1101.402344 2955.063721 3918.019287
2338.120605 -3857.266602 4107.149902
922.543152 -2602.699463 1940.823608
-655.806458 7171.913086 -119.209068
-675.121582 -1477.015015 -943.209167
1189.463501 2852.117188 2482.499023
-259.522400 5764.869629 768.980042
-1472.644897 3546.991211 4684.625488
-1581.435303 760.303589 -3701.448730
-4305.895508 -4283.425781 980.820496
2909.870361 -152.118835 -2031.621216
-1605.000732 3148.709229 5350.074219
1249.683716 3397.951172 2522.476807
2.347430 8051.360840 -864.515564
-5724.414062 960.633118 220.913803
-3050.757324 1164.667847 1122.866577
-2981.090088 -1810.859863 -2956.618408
-6849.423828 1836.354858 -2047.821045
-421.665192 -1853.849731 -2965.603760
-1372.860107 -4699.792969 1447.943970
-1945.946411 2220.125732 -1416.315674
-3447.495361 -3420.329590 824.768127
3409.157227 2483.217041 -969.858093
950.155396 -5098.695312 1568.451782
-5713.830078 2224.912109 -1948.520752
-654.617065 -2536.464600 -1331.543945
-2576.735840 -6994.697754 1351.942017
5335.864258 1738.153442 -1638.641357
22.865828 -899.596497 -2235.090820
958.061890 -96.426422 -3121.389160
-1062.328735 -1119.322632 -4870.935547
-515.975403 -4858.526855 3465.877930
-1621.185425 -2305.473145 -91.723190
3345.291016 -2800.332520 1117.599731
-5177.835449 302.463379 2671.708252
-357.477356 158.248398 3999.275391
-1335.108765 -343.931610 4359.428223
1000.725342 -719.982666 -3015.742188
-552.600220 1407.237671 -4663.070801
-744.677490 4890.352051 1178.655151
3957.665039 -2899.764160 -910.657227
-3996.703613 -3653.281250 1319.308350
-3480.267334 2563.750977 -2110.757080
-787.764832 3639.909912 5072.517090
3306.136475 2106.958496 697.311646
-3574.729248 -1049.800415 -2794.204346
-4158.845215 -2323.867920 1519.509155
-3913.227051 -2196.285889 -2747.699463
-4418.065918 96.410240 80.513466
-3867.235596 863.591980 -3501.893311
4148.285156 4676.865234 -487.375458
5421.516113 -2518.373291 4032.619629
-1955.749268 1297.691528 -5372.354492
273.435516 4161.266602 4873.776367
-1555.716797 -2870.757080 -4392.345215
1536.962769 -792.063049 5465.365723
-12923.612305 -4881.043457 2018.773682
-574.852478 -3461.869873 4817.946289
2872.981201 2167.964844 3528.150146
3755.526367 -1101.749878 4723.421875
-761.379028 -1995.114990 -5226.198242
-1455.027710 2643.019287 4574.434082
389.894592 -3984.453125 -4576.373047
2766.956299 -817.642212 229.131805
242.787292 -5373.621582 2789.327148
970.724670 1088.502808 5129.406738
758.720947 -3502.280518 4243.107422
-834.678284 -675.649597 3680.923096
7452.067871 -1228.515259 3127.061279
8989.700195 -3069.074219 -9198.609375
-6614.220215 2059.509521 -4495.783691
-1773.277710 3272.848145 1401.909912
-793.143066 -3224.830566 467.416443
1706.644165 -4368.881348 3276.129883
-5608.245605 -2803.121582 -1902.385010
-3041.263428 2922.452881 -1242.846802
-3881.259521 -3745.713867 1698.667358
4055.248047 1502.233154 -27.380903
-1013.078125 -4126.810547 -2561.984619
-2651.393066 3287.537354 857.823120
781.623718 2827.527100 5505.491211
1350.633057 3005.361572 -1035.380127
2426.085693 -1187.857056 5658.002930
-1648.847290 668.112793 113.660980
1740.912476 -4598.871582 1399.468384
-1142.406616 -197.418289 -3542.148682
-4135.323242 268.544800 -427.914368
3642.576416 -3567.338135 1285.504883
4402.952637 -3241.387939 -1482.110596
1144.634399 -6848.729980 1011.331360
673.682068 -4316.483398 1943.795410
411.784180 -1947.593506 4937.927734
1584.484253 701.358948 -2592.198730
3972.142090 1401.146362 -2192.673584
2741.885986 369.131958 -2807.205078
-2430.400879 4119.156250 -3662.448730
-1090.381958 1860.128784 -3705.946777
-1412.165527 -865.189636 -760.232910
-1737.586426 -5944.483887 -589.043640
-3112.431396 -1642.325073 -4236.289062
-3281.156982 757.932678 884.043518
-1220.063599 -639.319519 -747.103027
-2924.087158 -5792.873535 1448.116821
-2784.998535 3114.407227 150.161331
3927.536133 -243.446793 -2085.723633
-3247.175537 -1050.452881 2229.064697
3655.678711 2044.256714 -2953.181641
-4290.277832 994.711487 1214.600830
141.174835 -2904.725098 2255.016602
5974.789062 282.458038 1441.719604
1767.416504 4258.228027 -1098.233521
780.180115 3185.107178 -849.497314
-97.182159 -2327.156738 -5544.949707
2122.924316 -2601.355957 -364.878510
-3259.052246 1782.873413 3382.848633
4135.551758 -4052.997559 144.136261
1522.955444 -411.022095 5485.867188
4082.916260 -532.930237 -1744.846558
-1788.340332 -1712.386963 -1041.675171
-2668.910645 4764.008301 -2081.799316
-2600.505615 1496.441772 2658.637695
2142.794678 2354.005371 614.666504
4391.011719 -1803.047607 4085.095703
6404.894531 406.890411 2205.596680
-5621.147461 1277.498413 -80.076668
3686.012207 -708.252197 -1592.588867
-2847.712402 5202.428223 -2706.659912
199.112595 -3998.055420 -666.928345
1264.140625 -1084.727783 -3917.773682
-9.800671 -4620.430176 -3104.312500
3502.084717 -2264.055420 -766.365173
-238.237930 -1235.614990 -4650.989258
-1455.005493 -732.666870 4792.625000
370.724731 -5143.759766 -2929.008057
6565.785156 -4577.949219 -2124.815186
-729.915710 6423.311035 -333.114227
5061.908203 2057.179443 -1403.000122
-3024.904297 4124.965820 -1867.964966
-3293.317139 3869.301025 1656.085327
-1878.431641 -2885.232422 587.174011
-2054.393311 -1004.928223 -2107.139893
-3173.131104 3550.226562 2929.685791
1239.051147 -3498.416748 -1995.353027
-2232.743408 3731.510742 -232.887512
2807.504150 968.040466 1990.572144
-3690.261963 2522.249512 -1654.297729
-4117.668945 -1173.188232 2771.353760
-5825.857910 -1163.614136 1130.122192
-1259.747437 -4443.747559 190.722488
-697.086060 -639.912231 5311.187012
-3694.068115 9720.413086 292.631012
299.480255 2682.354004 3208.151123
-2077.297852 1925.350098 3590.630127
-7514.729980 -6426.493164 1610.517212
1974.326294 5358.299316 5782.158691
996.910278 -5481.743164 -3085.498047
961.969421 -6217.036621 608.118958
3377.021729 436.361877 4075.599609
-4311.581055 1163.582031 844.522827
267.861694 -4625.833984 -1335.250610
-148.894104 3120.711914 -4493.886230
-1799.723389 1613.182739 -5620.023926
5261.778320 2003.749146 261.761719
2123.580566 -420.711731 1811.340088
1993.477173 7995.476562 2169.852295
-6819.757324 240.567734 896.395203
-1131.860962 -1965.541260 6355.694336
2766.161133 -2323.705811 -657.660645
-4008.432617 -4432.243652 -4187.010254
1633.826294 3438.000000 1999.906860
-2781.504150 -2042.810303 -5440.103516
2913.613770 -2682.093750 725.025818
-6661.520020 926.945801 2856.136230
3707.061768 -4102.456543 727.794434
2002.958618 1657.445190 1537.482422
-5956.769043 4274.342285 961.006714
-1907.848389 3892.779785 5929.097168
5126.251465 2088.835938 1417.140991
5847.658691 1118.169556 -427.233063
-4110.520996 -4129.838379 830.341248
878.503113 -5628.464844 -2566.319092
-1133.288330 3411.887939 1494.428589
-287.873840 -1523.233276 7480.516602
-7093.307617 -2895.805664 1295.217896
3352.851562 -2721.580566 -1828.750610
4012.143555 -1120.976440 -1130.807739
-2958.493896 2186.278564 -4203.667480
330.319397 4406.421387 3704.460938
3593.868408 1757.433594 217.798904
-2146.900391 2316.375488 -5264.091797
2431.466064 149.497604 -4256.092285
-8705.162109 1507.223999 -5316.707520
3845.420654 5880.508789 979.618896
5260.070312 -2243.393555 3391.103516
-3595.919922 -3459.558594 -1945.825439
-1648.732422 3016.648682 5068.477539
-1632.648560 -1411.792236 969.339783
613.485229 -884.346924 2733.372070
2547.643799 -961.146606 -898.607727
-5836.354492 -138.051071 -1599.790649
-2640.872070 3845.778564 -1578.070190
53.268147 -2660.128906 15573.067383
-2534.241211 -2549.093750 3594.118164
2885.634521 3230.498291 -2371.762939
-1235.816406 2973.302734 -3127.739014
975.942993 1571.334717 751.982361
-1348.979492 -1335.511841 2093.979248
762.355103 -5950.431641 267.829041
-4149.811035 -1154.064331 -1941.005493
2224.259033 -4128.001465 1339.707031
4427.845703 2083.213867 4051.770020
-4173.868652 -4868.652344 -1317.182007
860.169128 -4269.181641 -2981.282227
1489.833008 -611.353210 -2820.323486
5607.759766 23.083277 -1380.433228
4523.256348 503.437225 -177.147659
278.721497 -2941.694580 -304.470581
-1265.725708 -861.422668 -883.818787
-2047.902710 6411.164551 -2133.906006
-2440.265625 -165.146408 -3203.591797
-3239.277100 2857.644287 6774.358887
5075.019531 1486.581177 874.072205
2976.698730 2860.556885 1917.179077
-3748.142822 -2949.777344 1546.515381
2062.768311 3998.644043 4262.739746
-1743.024170 5807.696777 -134.891129
-5472.049805 509.581238 -4688.679199
3361.252686 1693.543091 -4289.288574
1054.348999 -2008.592651 -5098.671387
-783.839783 4242.832031 1863.458618
2737.629639 2825.994629 4339.543945
-5174.381836 -2138.030029 2316.184082
1627.067871 -360.176178 -4174.697266
1529.996094 711.912231 -3706.634033
-8294.975586 -4136.550781 -222.733856
4663.685547 -180.910416 1443.859741
-3432.706055 5194.430176 -2626.260742
2089.620850 -2714.682129 79.897057
-4405.693848 4312.838379 1326.698975
3751.494629 -3910.152344 -2622.140869
3444.171631 4692.474121 667.637939
2126.483887 -4177.187012 4129.757812
-2711.972656 -274.749603 1032.581543
2188.625244 -6233.406250 -401.713043
555.952820 945.420654 -5594.557617
-3770.051758 -3491.095215 -843.409973
-6434.091797 1935.362183 -2927.556396
253.755005 921.095154 -7397.472168
-7179.429688 1234.687378 602.547058
-1647.948853 -4511.204590 -2138.213623
4184.219238 792.736938 -3388.104736
-1985.288818 -2037.901611 -1312.952637
2102.238281 -634.600220 -3306.118652
1411.341797 115.569389 -3460.711182
-4099.298828 1383.051514 -2400.107422
4910.768066 2958.291748 35.682877
2862.177246 -4433.631836 -3293.418945
5041.451172 -3092.966797 317.911194
-2100.437500 -3778.173828 -118.672668
4058.694092 5928.415527 -69.568359
-7157.308105 -792.726929 1624.149292
2974.488525 -558.696289 -2610.227539
-1069.665161 -1860.045898 2264.336426
6025.267578 846.820374 437.171600
-2105.072998 -3971.404297 2315.984863
-689.179626 5725.645996 1879.866455
-2257.218506 -2123.103760 -3287.281738
3976.225098 -681.354919 4836.517090
-3953.925781 -702.130310 -3742.476562
2947.030029 249.554108 -3347.879639
2445.902344 -1077.161499 -1002.343811
-3786.879395 1698.720215 -3043.180908
1453.414551 27.675690 -743.525879
1589.036011 -4412.591309 -4348.738770
-4868.898926 -4684.806641 -878.308105
514.438660 -2859.766846 5148.724121
-3380.869141 511.343292 -2004.599243
1081.226685 263.340302 6408.055664
1422.474854 1068.026978 3390.310547
3898.433105 -1404.598267 2770.292480
-2800.853760 3817.126709 -232.812897
4300.993652 -159.611176 -1040.849243
-1915.986328 -256.572266 85.450691
4603.075195 -729.262390 1124.450806
-1629.945557 163.093918 -4099.464844
700.795349 3139.293945 2402.134521
4144.299805 -1152.868042 -4051.883057
-7821.337891 327.713226 8405.885742
-3980.908447 4724.641113 1231.604736
-4077.017334 564.225586 4053.114746
2227.372559 -711.260071 3719.939697
-1885.284912 -111.651245 1545.537964
3201.801025 -1466.482178 -528.264709
-2347.001465 161.337540 4192.926270
-458.811340 781.276306 -231.185593
-4184.513672 -4195.820801 -1758.465698
-950.699036 -1320.574341 -1979.384888
1877.693970 -2344.362793 -3877.619141
1922.893555 -3775.163574 -3332.666992
339.758362 -4078.217041 4305.775879
5990.147461 954.193787 -129.357864
551.702271 -5691.258301 2926.557617
2018.970947 -1661.000488 6064.761719
-1703.102173 740.237915 -5732.161621
-1613.709473 4726.750488 5201.740723
3114.063477 -3062.621826 -1382.447266
2283.467285 1139.297852 -2205.956543
-2084.903076 14501.225586 -6713.646484
2961.036621 -1189.018066 2923.523926
451.473419 -6756.107910 -1979.952271
-4560.279785 20.923336 3661.053223
-2064.049316 -192.407867 3604.105469
847.886292 -669.923523 -2755.695801
4802.791016 7156.979492 -10224.134766
1652.570190 2420.137207 -4077.242920
1329.242554 -1256.932739 3139.850830
-2567.877930 -5892.622070 765.846802
-3413.489746 5733.799316 965.167236
-660.914917 -2146.368408 2733.085449
-5279.137695 11605.042969 -8066.990234
-663.784546 -6756.033691 -501.606903
-2741.802246 -457.124023 2631.033447
4864.992188 -6219.202148 4412.533203
-3294.311523 3534.753174 -3611.118164
1861.414673 -5157.185547 -1494.716187
3787.325928 -1656.387695 223.279892
-68.326996 147.929352 -3713.836670
-1922.638428 1648.319458 -5125.754395
2199.392334 6405.526367 34.562733
4059.803711 855.006348 87.599533
11513.250000 5891.650391 -13.899598
-913.459595 -3863.913086 -817.381531
261.987427 1947.839111 -3056.569580
1860.891602 898.325684 -3724.580566
-2901.339844 -1329.335938 5132.652344
3175.947510 -612.735474 -2285.834961
-374.735168 5770.652832 3164.751709
134.476715 -2047.183228 5750.496094
2186.730957 4063.248047 3249.792725
-1215.330444 4208.777344 -1608.124756
-1452.484497 -4558.888184 -4715.656738
3104.030762 5942.946777 935.571167
-2065.871826 5116.574707 737.168518
-9590.143555 -1489.096558 -5449.050781
-1224.146729 -931.322632 -5274.443359
4229.361328 2256.404297 2881.089600
-916.573975 -970.512085 5112.631836
-5655.924805 527.161438 525.918762
-1254.476562 -6142.526855 -1468.352295
-5897.466309 2404.602295 -1479.638062
-2804.807861 1932.716064 -178.028763
-5123.174316 -5517.074707 747.383118
-2625.490234 -2963.332764 -5158.411133
-1845.713135 3197.343506 -3326.174316
351.526428 -2129.212402 2623.752930
-3273.429688 51.182175 -3854.453125
-16393.941406 -7625.618164 27547.853516
5822.092285 -855.038147 1727.043823
-563.043518 4936.896484 3078.625488
-1818.641235 2346.925049 1608.056763
2380.149658 1987.202881 -1491.496582
3096.951904 1347.173584 -2020.638306
28715.949219 7175.445801 2835.920654
-4693.711426 714.746399 1985.620850
-11018.499023 -2575.650146 -4815.224609
-1979.838745 3275.134277 -2514.958496
-3053.322510 1077.893921 2159.078613
3205.092041 -3723.455322 2867.391602
4090.850098 -970.286255 -1726.316528
3569.879639 -2584.952637 111.531090
-2454.468262 2274.682617 1947.796631
-986.718445 3788.422852 383.969086
4651.848145 -1561.376099 -2993.187744
-3370.940186 -4450.963379 -2957.496094
182.648483 -721.096802 -4832.842285
-3612.921387 -2660.661133 -1568.376709
2557.651855 -2653.689453 -3251.208008
-1166.953613 -2923.381592 944.396423
-2748.938232 1966.283569 -3500.830322
4711.943848 -58.466564 3128.159912
-1586.656616 1965.312622 -5548.042480
