-2600.896973 566.645142 -5320.653809
-1496.626831 3095.789551 -3538.400635
150.535416 3875.490967 2920.440674
-1537.340820 3878.104736 418.648254
5740.291504 544.481384 48.766220
-9.333753 2104.726074 6408.029785
-1261.642944 715.102173 -1917.260254
2945.526123 4629.411621 1126.757202
-92.019821 702.515137 -4083.926270
1453.205566 -583.248535 -2507.926270
5725.921875 -259.537750 -250.812820
781.886292 4837.717285 -2937.173584
-9116.962891 3550.277832 -1128.478027
-2463.082275 2885.686768 -3752.438477
-249.891678 -3287.897705 -4226.107910
5606.170898 370.409576 318.627258
4014.382812 -480.409119 -6803.030762
6106.554688 636.976562 -3387.409424
889.579285 316.454224 -7768.125000
364.655853 3596.147461 5008.420898
-6151.215820 1341.326538 434.900665
4006.078857 564.106201 -4794.434570
405.903931 -7239.927734 1841.457642
-367.406219 -4811.915039 398.696808
613.419006 -2748.954346 87.598198
-716.563660 -5289.635254 3014.460449
1114.822632 6331.433105 -489.803131
3694.572510 -1627.556274 3627.249512
367.633850 4081.344971 -341.300110
2668.976562 -2043.613525 -188.491287
756.471558 -3809.161377 -1146.614502
4547.850586 -6885.640625 1331.350342
4998.684082 -472.201874 2723.985107
2663.826172 -2248.148926 4161.305664
-2747.875977 -5154.957031 -814.669922
-834.372375 -814.674927 -5947.734863
2152.913818 3896.380127 583.353760
877.009033 2652.317871 -1223.758789
4407.897949 -2568.056885 2278.107422
4620.868652 3603.543457 1790.846802
2463.869385 5341.225098 2782.529785
3764.423340 1948.901855 911.546753
1607.264404 1660.455200 4674.963867
4536.651855 2683.548828 -1708.918335
-4720.677246 -3689.657471 485.831543
-253.457764 1978.691772 -2486.017090
-2139.661621 -2198.467285 -4310.015137
-162.258926 -651.001892 -1960.427368
220.562317 -6903.968750 3911.531738
-4062.943359 -1350.496216 2674.650391
38.617409 5682.415527 -1347.688110
-1121.022827 -272.904785 -8603.122070
5452.252441 1980.463257 842.106689
6169.844727 56.860233 954.101440
1703.428101 160.243332 -4653.020508
2007.845581 -5470.653320 -847.631042
1411.626709 1491.246216 2653.627686
2333.561768 -519.346619 2343.556641
1985.144897 -1903.567139 1524.826050
-2347.998535 1845.745361 -5033.457031
-3262.818848 -4245.280762 -1059.820312
4407.568848 -790.020691 4363.391602
-3278.475098 -1767.767212 2906.016357
-5382.224609 3361.415039 81.493027
-8439.740234 16434.669922 -5587.905762
-2376.480469 4189.648438 -459.899353
3891.344238 -1824.071655 6317.819824
-3637.884766 -2741.465820 1688.698730
1630.260498 -269.703705 -2846.092773
1333.500732 3492.538574 4034.439209
-5188.819824 290.278870 -3779.834961
316.558411 -4507.042969 4293.198242
233.493729 -2062.722168 -2704.584473
2716.519775 1238.980835 301.001190
2860.973877 2850.769775 -4688.038574
3431.591064 -948.358337 3393.478760
5938.273438 -735.961426 651.984558
-1388.308105 3616.093994 -5356.590820
-2309.055908 -3874.098389 3809.085449
1867.264893 1151.707520 -732.516907
1641.299316 3987.205811 575.613342
3531.274170 1734.401978 3346.348145
2838.474121 -2552.169434 2328.255127
1769.250000 -546.927856 -2995.085205
1934.855713 -156.070862 -4213.847656
-361.553619 -5468.639648 -3305.448242
3691.980469 384.845306 -1042.861450
-4744.032715 -354.972504 3636.709229
-811.247375 3750.426025 -3226.187988
17.035955 -2135.766602 -4651.641113
759.694763 -1159.962280 -3592.479492
-5129.418945 -1423.688965 5229.784668
-828.349854 2101.090088 -4099.674316
-2266.107910 -47.504078 2547.064941
3727.844971 -2223.989990 5078.341797
4714.498535 -1855.101685 -3502.519531
6215.096680 6673.509766 -6419.896484
-2874.035645 -857.538147 1827.324219
262.245453 7937.854004 -2191.698975
3783.024170 3805.231201 -1602.751343
-6760.016602 -2191.265625 380.112732
2689.345703 824.794434 2843.610107
-278.329224 -125.771057 -1671.992065
-2615.357178 -3758.797119 2782.604004
1011.779114 3737.731445 1509.820923
1540.464600 3864.830078 -3500.768311
168.307159 -3756.913086 4845.256348
4538.410156 667.153320 4115.334961
-9667.822266 -3418.231445 1121.436768
3320.045898 80.460518 -626.975769
-461.810303 1540.780884 -4786.189453
5088.500000 -377.679535 -271.838898
-4415.392578 644.629089 -17.010525
3977.579346 3971.709717 4596.570312
-2426.302734 2216.997803 -1353.513550
2979.522705 100.871788 -3974.749756
2450.911621 3877.205566 3074.938721
-2010.292480 2746.695068 -1677.916138
618.103088 -3625.975098 -32.860176
113.240044 -5293.484863 3376.540283
-2956.296387 4811.728027 608.633850
-4692.020020 -1077.598145 -3476.584961
2829.641113 1217.581299 1515.450562
-2696.691406 -2142.940430 1673.372681
2480.830566 2257.237793 1130.101440
3100.050781 -3165.382568 -697.718445
2584.727783 -689.451111 -1700.235596
1601.923706 2745.567871 5221.471191
2757.838867 -1757.868774 -3908.773926
4141.705078 -1093.301147 3865.462646
-1108.617188 -1680.605103 1105.021362
3900.291992 -37.550671 -3794.050537
287.125458 3497.580322 3449.248047
444.637512 -894.467590 -3486.016602
304.874634 -3679.974854 -395.807800
3902.814697 -962.000488 3056.104004
1373.058350 -5140.511230 -2673.078857
-6067.671875 433.577271 -18.877352
173.572220 4114.489258 2086.715576
65.893364 4342.445312 -6371.647461
3957.096191 2812.187256 -1896.994385
6865.914062 -4087.208984 3221.178467
5998.144043 -1605.451904 -2395.554199
-3414.651855 -4921.385742 -1493.659912
-836.949707 1721.133667 -2776.870605
-6226.956543 449.262482 -2264.998291
300.849396 -1799.604980 -5371.485352
3876.323730 2371.244629 -484.843750
2046.291748 -91.751198 -14863.228516
933.033203 -788.206421 -2928.623047
-1615.425171 -2243.217041 -1407.740967
-1853.064331 -1426.002319 -537.801453
-847.855652 4484.886230 1655.840942
-1779.223877 -4837.650879 -1608.834229
5104.976562 -1057.850830 2351.171875
-2239.371338 -2718.202637 963.034607
878.987610 4824.032715 510.955292
-3480.682373 -3790.004883 1289.671509
957.037231 4341.803223 2858.353271
1832.854492 144.374268 -4615.567871
424.717896 1648.139526 4725.514648
1177.831177 -3366.337158 877.554932
-3015.765625 -2602.011719 4493.969238
-563.931213 -6387.302246 1151.646362
3696.826416 -1472.074219 -1717.969482
-3115.434326 2114.882812 14155.830078
-3374.606934 -1050.561157 6925.828125
386.893250 -4704.727051 -2382.356445
838.714539 4221.974609 -3315.420898
-5903.280762 1702.727051 -4452.441406
775.089905 263.046143 5018.991211
4579.220703 820.293396 -3032.475830
5356.757812 417.688721 -1231.162598
2178.474609 3473.851807 -10.121228
973.199890 -1036.111694 -4543.765137
1200.162720 -2490.797607 -2770.766113
-2567.292236 -593.357483 -1549.475098
-1162.511597 -1876.830811 5992.299316
-5472.974609 -1678.837769 -3088.602295
876.527222 6504.010254 494.104736
-2508.520020 1150.594971 -940.165405
4827.984863 -343.980133 1075.670654
-5555.633789 2534.982666 2084.940430
3006.752686 -886.655396 -1842.913330
-827.439514 -5531.633301 1740.092407
-2278.826172 2937.360107 6548.344727
821.196106 6447.721680 -370.156219
-2068.020020 -2546.591797 -56.797359
-1349.904175 -178.211807 6808.884277
2467.282715 -398.004242 -5423.870605
5289.178711 268.406250 -2021.618652
-4149.160645 -1680.181030 -782.055359
-1780.230835 -3445.178711 4821.914551
-3092.815674 4328.960938 -2048.690674
2665.870361 2107.859619 5890.728027
532.568115 2382.508545 3339.750244
924.848206 429.239563 -2266.421631
-4652.803711 -1549.070679 3527.372314
7093.225586 -3217.453613 7572.817871
1525.945801 -2527.903564 -4356.182617
1162.023071 -3219.544189 773.292175
-2703.020264 5084.549316 2384.028076
-1740.844238 2618.434570 -2386.722168
92.219025 -4379.440918 -3313.352295
32.413593 -3351.614990 3221.124023
-511.874176 2619.419434 -3981.308350
-3339.478271 -2993.739258 -2636.926270
-3648.799561 1433.059082 -3548.725586
-756.107361 -276.864532 -709.370789
1834.154541 2294.005859 3192.477051
3555.169678 -501.350067 -4204.593750
-2158.559082 316.816254 1142.883301
1416.059570 1039.395264 -19076.861328
5383.638184 -8346.323242 939.916992
-1090.730591 -5264.809082 1692.064575
-4318.960449 -1472.569946 -3549.179688
-425.122620 -2706.875732 -5052.535156
-268.141205 -3323.867432 -4408.852051
576.716248 -6063.424316 1011.944946
-671.640808 4341.838379 2030.163940
-3705.989014 998.094482 1017.179993
1652.188232 -381.301331 -3088.685303
-4323.182617 3602.294189 618.882690
-1254.288940 165.603302 -1621.160522
1368.566162 -419.356171 -2657.985352
360.364075 -369.859039 -3357.631104
-2148.377197 848.087097 -4820.524414
-2770.974609 3153.134277 -612.495422
3422.512207 -894.023560 3471.119385
-2024.805786 3573.756592 -1737.098389
-6989.121582 98.285751 -4137.675781
-5251.714355 -1814.811523 1464.133179
-2451.321777 5292.515137 1464.056519
-3054.094482 -418.068817 27.286005
-3470.622070 -4905.762207 2323.010986
593.458984 -4440.192383 3372.462158
1824.217285 577.791382 -4190.530762
1814.046021 1839.326904 2380.648438
-888.983215 4422.063965 1950.500244
-4761.697266 4001.642090 202.417664
590.483826 -3273.376709 857.811401
412.193634 3742.503418 -3078.243408
1774.268066 -14303.411133 2835.226562
-2960.847900 4534.772949 1047.657227
-717.838928 1678.499878 1793.067871
438.935028 4048.804443 -585.190369
-1522.811890 -547.532288 4735.251465
-3672.315186 3261.178223 -2429.184082
228.937576 -3488.836426 4267.136230
3281.333740 -556.867798 5617.888184
2005.096069 -1577.875488 -3924.464600
3309.203613 -2801.536377 -2149.125488
-3392.577637 -3649.584717 -2138.542725
354.690216 -1357.538208 -5400.013184
3141.524170 -14.309448 3925.981689
-5846.059570 -2162.248291 4214.713379
-2271.346924 -5231.897949 1718.863037
3597.470947 -5719.587402 3370.929443
-1552.325806 339.191162 -3041.474609
67.674889 2953.849365 3402.280762
4530.635742 4406.672363 -1964.176392
-143.460373 2258.324951 -1472.432861
-1663.939453 -890.449097 -6616.750977
675.711609 -3631.455811 4972.089844
-349.585419 -6866.692871 -1826.326660
-770.158264 -1438.989868 975.930908
-389.005157 -2149.856689 -5852.721680
160.215652 5721.997559 231.215057
3927.692139 2782.068604 1619.770630
-2846.302734 3679.535400 3819.580811
5071.286133 -2042.204712 -1265.702271
4801.022949 3385.842041 -1603.762207
-3203.892090 -690.310852 3036.114746
-7180.625488 2115.451416 -953.778503
3492.208496 -3127.754150 -3990.884521
-1685.107788 -946.462280 1824.239258
-4479.619629 -2461.355225 3284.537842
1926.817505 8.163756 -3875.921631
-1544.838867 -964.223816 -1347.498169
1206.278931 -1551.051636 6657.478516
-3565.555908 839.534790 829.701843
1921.867554 2400.213379 -668.008728
2480.542969 4918.330078 -3333.442139
1292.010986 943.709717 242.974854
-1272.929443 1625.567505 -3496.053223
-7274.457520 -2197.052490 2159.447021
-3126.020508 242.094574 916.161438
320.775085 1927.937744 5809.638672
1707.139648 5145.098145 3190.270264
-360.733551 -4066.472412 4286.193359
-1386.253906 -998.391296 6328.752930
2027.495239 3802.500732 2097.747070
3093.762207 406.015808 -457.929443
5271.372070 2306.733643 2229.705566
1357.291382 -2764.682373 -272.926514
1507.637695 4352.251953 -2912.563965
3387.374756 3779.232666 1654.277588
-7235.976562 -1508.143921 -148.699280
-3023.954834 1216.162231 -3634.162109
4316.176758 -1288.869263 423.352966
959.552551 -4956.646484 3405.597900
-6513.520996 1185.634521 -541.148743
-963.222534 3569.998535 -1491.304932
-453.928528 -2059.545410 5054.262207
-699.889526 -2306.946289 -1021.810974
3794.970703 497.850067 -3432.789795
3517.705811 -1300.724854 -4073.565918
5267.762695 2435.021240 -1089.147949
4933.761230 -1147.548462 -1598.446289
-595.715393 564.049072 -2872.744141
-1085.999268 2391.585205 -913.194031
-3480.654541 -2523.586914 795.406372
15298.949219 10760.535156 12435.721680
3735.934082 -3329.374512 3056.284180
-5773.742188 3956.600098 2782.299561
1258.403320 2243.176270 -3001.364990
-3084.530029 -1739.296265 2701.954590
-2682.263916 3327.954834 -4710.957520
6491.090820 -220.032913 -1235.494629
4920.663086 1101.566040 -3100.536133
-1109.135986 -4328.809082 3313.667725
-2057.299805 2867.344727 -175.251968
2969.509521 464.794861 -1279.712158
3012.269531 -432.877991 -1660.980347
8016.334961 -6242.727051 2648.649902
-432.034027 -2326.939209 -1735.177368
-2401.209961 -5145.526367 -980.315430
1232.492310 2800.468506 -891.607056
2388.954346 2626.399902 2897.035645
-2039.752197 5414.952637 -401.537140
-3353.923340 -3058.738281 2173.219971
-1275.882812 -288.994415 -516.300232
-1041.607300 1474.864868 -6318.905762
4222.008789 -2541.211426 -223.835907
2239.381348 -1540.062866 5383.459473
-2288.833984 -1972.793701 6563.844727
4656.107422 -1773.826660 1962.165649
-5029.940430 -3256.971680 -1317.922241
3.519548 -1481.776855 -5161.111328
-738.479370 -47.507526 3140.889160
740.861877 -3399.971924 -420.281372
-1177.450806 2395.518311 4037.195801
3040.185303 -3575.420410 -794.882446
759.779175 -2685.882812 5465.587402
1908.960938 1302.387573 -5510.526367
-1157.795898 -1179.535034 6692.061523
5000.908691 -1822.082275 2205.855469
-4784.292969 -2509.358154 2400.543457
-1502.793457 -6299.372070 294.993378
-1066.096802 -4646.835938 2894.431885
-4104.640625 3032.964600 -2292.292725
-1731.052124 -1279.306274 1318.082153
-599.767273 4167.910645 2341.036377
3947.480469 -1097.405762 -1330.873901
-1386.598999 -23772.703125 15029.984375
-617.204346 -65.313782 4003.552979
-2289.046631 -86.708496 6266.667480
-5026.674805 -2715.148926 -1527.403564
-3816.500732 -4141.387207 814.203247
-875.927429 -808.847778 3263.885010
3026.370361 4236.196289 -2369.943115
-3696.171143 -2704.001953 1631.260986
3008.135498 -262.111145 -1212.003540
-3920.699951 -2821.366211 -3014.137939
-2639.846680 -3761.275391 -1622.361694
3836.299072 4177.571289 963.991455
2411.671875 2589.522217 -5186.575195
2219.848145 -5017.719238 -2215.222656
-1447.653564 -2143.739014 1505.856934
-603.621765 2249.566162 -4885.922852
3312.257324 -662.250732 -2861.984863
-1302.151733 124.507126 -1383.879517
4197.753418 -767.942505 833.150208
3626.507080 4488.073242 453.601013
3542.809326 -631.946411 3812.949219
4147.669922 -304.352142 4974.575684
-2159.197266 -5825.811035 452.238525
-2842.091309 3087.696533 3364.461914
-1841.651855 -2542.805664 -3090.087646
4441.817383 -3419.064209 -265.748077
891.347839 1705.492920 -5824.805664
5007.687988 -1953.471802 -1346.008057
-2965.136230 -1247.303833 -2950.038330
2871.736816 6714.219727 -1620.711548
2052.447266 1459.218384 1542.580933
1089.667480 1619.130737 2654.160400
-3171.585205 995.815735 -4486.783203
-4696.149414 2739.095215 -1678.916992
-1358.454834 -1796.099609 4838.839355
3276.373047 5006.332031 -1315.458496
-6233.157715 -2075.638184 -2085.951660
-3780.535889 -979.974121 3351.285645
-3866.235840 832.670044 4988.269531
-507.267181 -3903.304688 2234.097168
189.193542 2855.869873 5970.813477
4992.719238 -3425.719482 -3496.332031
2541.199463 2313.814453 3687.846436
5546.073730 -388.913544 -358.280060
-1870.578003 163.995972 -772.331848
3746.449463 2351.664307 -3789.140625
-1175.757812 -3077.682129 -4914.516602
-270.187195 -4929.883789 905.325500
4069.165283 3761.737549 1874.436279
5908.862793 941.745422 -1414.767578
-3784.870605 -3873.458740 2310.904053
-2630.791748 1426.293213 5989.483887
2812.822266 1881.162842 1751.249878
-3086.783447 -2576.508789 -1665.953003
3600.767090 -1877.029297 -1011.448425
2830.249268 -2560.105225 624.028015
448.559326 5351.275879 -106.112686
3266.165039 1667.613525 1862.258179
-4614.398438 5268.243652 1322.277466
1251.561401 -5862.285156 -634.338806
-4155.353027 1562.255493 4890.410645
-989.993530 1474.115723 -3378.531982
-3125.355957 -614.411499 -5654.838867
-630.663330 3090.610596 1365.765991
5008.528809 -1649.408691 3248.846680
2134.164795 -323.711670 5450.286621
3719.248535 -581.404480 3985.406494
-697.450684 2933.948730 2283.664062
2592.631104 -3682.216309 -4696.927734
8377.303711 -5881.834961 -7768.686035
-1336.523804 -2309.723633 -2555.922363
-3216.982910 342.836548 -1529.841675
518.425659 5043.390137 -2187.071533
5106.115234 -324.499054 1169.073975
3524.567139 -1280.702271 -1849.834106
729.134705 6443.776367 426.119781
730.693665 -2541.549805 -1274.160400
-740.639282 114.433914 -5266.200684
-2607.664307 254.813507 580.434387
4130.398438 -5726.709473 627.571899
2439.904785 -6440.493652 -2217.920166
3124.753418 3506.570068 3435.661377
-574.665222 3900.111084 -5156.796875
-9581.301758 -3066.034424 -97.456993
1234.527344 4880.707520 -3397.611572
3370.966797 4026.251709 1433.114502
8492.691406 -3489.813965 908.066101
-2581.333984 -1568.259644 -2491.149414
783.710022 -4526.449707 725.054443
3374.096924 -5851.147949 2761.503418
5772.502930 1481.415161 586.351379
1481.323120 -463.783905 -4124.714844
4185.402344 -295.596497 3600.499756
-2687.983643 3091.091064 2597.033447
607.856873 -1654.137695 -3226.306641
-1249.857788 -3236.068359 -190.672485
4278.485352 3046.498535 2624.182373
1554.538086 1580.806641 2082.567383
-361.936829 -505.248291 -2183.962402
-2030.794312 1484.100830 1329.420044
-1423.288330 -1212.385986 819.336731
468.026855 -1667.281616 -2028.618652
3487.997314 -182.582611 -4024.842529
4362.286621 -3161.228027 2474.410400
261.188599 687.044250 7041.224121
-4054.910645 175.695862 -4676.370605
1687.362793 -2968.135498 -4957.073242
851.579590 713.618347 -3481.269775
-2487.187012 -5658.620117 -746.049194
1221.287354 1097.846558 -1779.737793
-3784.766113 3628.788086 -1445.740479
41.617130 1042.617554 3209.798828
-1356.176880 -1589.383057 4438.644043
-3247.963867 -583.428101 -5036.127930
-2909.154785 -5593.444336 -2229.618896
7629.319824 2462.495361 16140.692383
-1955.385864 4424.141113 215.879700
7221.760254 2459.208008 1547.549072
-247.584946 -2914.358643 5148.532227
-4051.709473 -2644.754639 1671.611450
-2666.434570 728.778137 3946.286865
3477.636475 4801.469238 -3160.651123
-4929.463379 -2839.974121 -1047.333008
-1295.843750 -6088.076660 2189.455811
5101.042480 -947.069092 1456.458496
1201.371704 7715.686035 915.655640
1369.697632 2622.036621 5113.341797
148.403824 -4388.127441 1081.844482
-1202.433228 -6581.825195 2676.070068
-831.591492 -3546.296387 -586.728210
3024.327393 2427.886475 -2460.265625
-2871.685547 -4319.534668 -3163.597168
5205.804199 -3712.274414 -435.643768
-2552.000000 5338.302734 1631.593140
-2650.599609 -1844.722168 -1048.244141
1253.434326 221.546097 -5175.184570
-59.397305 332.277466 -1513.203125
257.755768 154.767120 948.001709
-2497.248535 -2909.484619 -4020.817383
-696.218445 684.908813 -2660.889648
-3073.921143 -235.073807 -2366.616211
-2085.871582 -1594.922607 -2896.928467
3176.776611 -569.912109 -1322.789795
5415.438477 -2203.823730 -217.659607
3771.142090 -1724.828125 -1874.547485
-2498.500732 -882.889893 -3821.182373
1160.726440 -1504.073364 6986.865723
-1864.239624 -1604.820557 -463.252075
-1432.575439 -2055.523682 -1430.040771
1875.371460 -5377.956055 -2035.509766
-3429.234619 -2782.213623 -1861.139648
-2838.973145 -1704.925171 3063.152832
-640.421082 -2234.032471 -736.343628
-3520.059814 4930.198730 1541.703613
-221.669647 -6.671222 4514.127441
4202.475098 -4100.610352 1761.712402
4465.239258 4404.834473 580.400696
4387.265137 -857.529785 -2579.900146
3954.502197 -1100.456177 3392.964355
4215.635742 -4594.389160 2105.449219
-3954.634033 1724.497681 621.584778
-77.240082 1159.250244 -7454.274414
1933.814819 -2217.691162 -3625.116211
-858.554871 -803.034302 1881.290283
2901.164795 -2706.823242 255.868164
-6571.262207 -1126.030151 317.852295
-2055.376465 829.712646 -6539.479492
2127.458008 -4830.505371 -2968.639160
-2744.503418 -414.742615 -4549.542969
1695.031250 -3245.045654 5008.414062
2968.757812 1302.834717 2113.452148
-653.086487 -3254.422363 2221.629883
-2348.881836 3284.774414 -2341.587646
-2706.825195 -134.267517 -2104.707031
-4978.354980 -2627.153564 1780.125854
771.605103 -3397.396484 1911.751221
-2966.593262 1359.812134 -4901.356934
3594.640137 2597.151611 -3313.526123
-2488.186035 -1276.097900 -2644.364746
63.467300 3188.254883 3934.413818
3920.537598 23.744129 -2988.123535
5464.903320 2244.747803 1410.197388
3565.121338 1706.060547 -2135.840820
1341.052734 -734.790527 -4336.867188
-891.164551 -2224.127441 835.611450
2921.895020 1368.357056 -3722.821533
-1399.849121 2962.526123 1212.984009
-3047.418213 -568.013000 -746.828186
-4224.771484 -2555.635010 -1533.992310
2300.037598 3093.979980 -3965.940918
-1276.742676 15.492690 -1413.807495
5277.074707 -2040.544678 1687.800171
-3212.527344 516.613403 1974.909180
5110.601562 -2166.870850 1867.575684
5030.037598 -1280.752686 1930.017578
1312.292847 1600.506104 -3678.378906
-1674.244141 343.212524 -1919.763916
3857.254883 2551.794434 3866.746094
2125.597900 768.683533 -3336.851318
3922.915283 2058.217529 -3370.921875
-5241.359375 -1998.454468 2868.320801
1319.308716 3227.509766 3555.062744
2199.214844 -2947.702148 1999.954468
-1229.755737 2311.478271 1279.786133
-2819.084961 -4288.937988 2096.754883
-1244.378906 2740.993896 5760.508301
-2450.758545 2841.345459 747.875488
2086.818115 4438.911621 5137.865723
-1125.409302 -10588.926758 3039.266602
82.690346 5845.862305 -995.654114
3817.098633 -986.712036 -2017.161865
-740.324890 1023.178528 5297.058594
4880.313477 796.063171 -3730.737305
2537.544189 -481.123535 -2594.096924
4709.022949 2607.608887 1469.317505
-4112.949219 -2305.101074 -3077.620117
-2956.891113 -2465.366943 -5469.754883
-1704.737793 -2030.006104 -3544.432373
-1676.591431 -3150.487549 -5020.165527
-1404.399780 -1756.164062 -1845.691528
-3052.013672 182.738159 -3974.514648
-2105.950684 -5160.979980 1940.564087
-962.231995 -2208.117188 -5525.435059
-4079.680176 -1555.026733 -468.535461
2817.375244 -4849.928711 281.331268
-1263.817993 -3490.122559 100.457108
1795.836792 3180.130127 -3705.348877
896.582092 3852.364502 -3967.293457
1538.022095 -2738.744385 2295.429932
1906.789917 4572.025879 450.443573
-17.721767 -3178.126465 153.313187
1589.082275 2794.341797 1924.548706
-2523.541260 1770.199585 -3932.594727
-8128.380859 -223.423843 -5359.361816
5133.335938 -2394.402344 291.549316
163.411972 -866.292419 -2343.675293
-4462.919922 -3469.427246 -2192.438721
-2610.729492 -3390.597412 133.949097
-598.054871 3779.036865 -2069.381592
-4174.113770 2814.076660 -1611.930420
-6159.493652 2251.041992 549.539734
-3420.270508 -3268.705811 1907.113037
-245.524353 -980.995483 728.404114
2154.564209 5382.667969 2343.443115
-139.381561 -1251.295776 -1370.734131
-2890.874512 1458.095825 -137.282776
5559.027832 2006.936890 821.165161
1499.854004 5623.854004 2717.477539
-1485.274658 -1506.599854 -5169.312012
-5665.141602 1178.769409 4335.365723
71.573624 5968.247070 1158.702026
1625.869995 620.444153 1962.797241
-738.954956 -3635.085449 -2748.210205
-2408.601318 -853.829346 6465.598633
-1740.398438 -141.027466 1318.663086
8425.350586 -2994.676758 -719.438538
-1130.546997 -1593.747681 4156.010254
-836.812317 2031.583496 933.461060
-1575.721558 5317.695312 -2916.597900
2767.941406 -1435.141602 -1708.137329
-913.353455 150.326935 -6904.025391
3290.282471 -45537.937500 -4298.513184
3069.731201 2209.712891 969.654907
2892.254150 1725.015991 1166.216187
-1205.458374 1775.049561 -3226.836670
477.652740 -2570.875000 5924.091309
1331.839355 6646.095703 -2149.856689
-34.473637 -6175.121582 1335.942017
-2358.253418 2097.248047 -4387.558105
-680.024536 1674.275513 3115.466064
2808.447998 1939.296997 -4378.797852
428.001221 4750.640137 -4206.330078
4430.487793 5192.744629 -4571.444824
-5654.067383 -2117.157227 1431.561035
-2250.466797 3207.441406 -3535.268066
-2656.266846 -4343.065918 2702.746582
6755.176758 -2492.065918 -1813.864990
-1414.167358 -6752.726562 738.966248
2123.504639 842.413818 4205.083984
2772.227295 4426.690918 -2945.127197
-2367.719482 259.763885 1047.205688
-300.971771 -3913.343506 -4950.123047
-1157.863770 -4065.019043 -340.313385
435.262054 -4877.295410 1288.439575
31.082069 3503.991455 -1739.820557
-2282.758301 -1040.585693 2235.074463
3613.366211 -1987.848145 2277.425537
-5731.700684 1950.123413 -383.094177
132.737549 -3555.477051 5067.317383
-3554.396729 2541.144775 383.255615
-96.970352 6504.789551 147.395157
2361.491699 1314.092773 -2407.769531
-168.205170 4484.866699 3876.341309
3469.970703 1625.171265 -1458.540894
3092.709473 -4053.234375 3584.508789
4439.592773 -3360.338379 1100.585083
-643.741089 -4520.796387 -3210.693359
3358.421387 -2964.548584 3035.395508
-3674.920410 -2646.142578 2341.138916
1300.857178 -4916.589844 7934.073730
-3330.220703 2099.341064 1514.567261
4561.790039 -848.017334 3641.557129
584.321350 2816.404053 -5889.435059
3881.814209 -615.760376 1494.525635
2620.534668 2110.536133 4825.269043
4268.649414 -823.285706 -1200.710815
5479.464355 -27.199358 -1008.333740
1861.453125 -4126.586426 5015.136230
1692.196411 -325.413361 -5651.316895
-4053.072510 -3673.987793 885.940247
22167.667969 5048.541992 -3526.401855
5389.481445 3237.402100 -244.228149
627.148071 4676.570801 -3509.395996
550.495605 -4350.456543 3769.563232
-834.083496 3907.943359 488.750610
2675.161865 -2028.197510 -4931.103516
1669.859131 2487.241699 -1258.716919
5685.782715 -1200.210327 -423.706360
2810.350830 339.921448 5341.706055
-2523.569092 2672.270020 3014.913574
1235.586914 -4424.437500 -2775.244141
-4162.062012 -2246.042236 -1880.625000
-370.175873 -5845.978027 -202.146286
2318.673828 -1396.274780 -2481.923096
5622.583008 1640.317261 1554.195923
-3408.876953 1282.939087 -4554.536621
107.868851 -3218.685059 4846.081543
-5170.806641 1178.774902 2421.202148
3070.474609 2360.928467 1559.513916
-1966.370361 -5883.360352 -1561.414795
-981.871094 201.371979 -4133.206055
-2740.140869 1316.670776 -4702.682129
643.708740 -2282.876709 -5170.111816
-2106.232178 3828.845459 -1110.491943
4387.860352 -2177.545166 1705.592529
-1821.601074 -5326.356934 2354.431885
2941.778809 -1324.931641 1124.889648
2248.187500 5279.852539 2071.919678
-1418.143555 -777.908936 4844.999512
229.866791 1866.281250 1361.176636
-3207.784180 2243.697510 324.009033
1602.713501 2766.570068 -157.596924
4129.934082 2113.956055 1615.153687
-3359.383789 -3529.266602 2737.371094
2346.317871 2612.678955 -894.162537
-288.114014 -1874.701416 -4956.321777
2844.087402 -1434.497070 -876.450134
-720.785522 814.160217 2621.448975
-1218.670898 -1435.418701 -6434.468750
263.472992 1345.271851 -4312.027344
-2811.370361 -154.841171 -2826.344727
1966.323975 -372.556366 -3857.546631
2063.715820 -376.904816 -2599.742920
-2768.220215 -4081.496338 1059.222656
-5709.507812 2658.285400 22.847956
75.173950 -2549.154297 -5870.399414
-2970.492920 -715.653625 -387.420349
220.788406 1082.826782 6300.411621
-724.253418 -4484.519531 -3750.272217
-3663.560547 747.005432 393.306335
5858.546875 542.798950 647.881165
1709.816406 7147.876465 -2561.222656
165.507721 380.089081 1626.153076
-910.030396 -179.848587 43.507088
-638.535156 5222.161133 -4070.780273
4791.614258 -23.935129 2955.997070
96.528648 2187.729736 -4416.390625
1015.688232 -1363.409912 3107.477051
6200.131836 341.331329 267.799103
-106.656860 -6823.038086 -2208.268311
-5669.358887 1569.915161 -2269.584717
-74.490395 -688.078613 -5980.730469
-1011.116272 -4869.543945 -2414.825684
5348.941406 -3144.822998 858.803223
-3960.407471 -1669.628174 2836.896973
3278.971680 4560.477051 -8.351475
5150.058594 -1719.610718 -57.010677
-2913.214844 1021.047119 446.076416
3810.184570 -3283.178711 3118.180908
4464.360840 2274.533936 -1059.990234
3316.186035 -1528.477539 -1731.466675
-2517.148926 2159.498291 4528.192383
-113.649117 3247.711182 -2900.776611
1261.254639 223.260773 5412.162109
-974.561462 3034.423828 -1944.633423
3285.738525 -5525.663086 -492.296265
2640.766113 5116.700195 1682.089722
3597.458496 305.618591 -3983.145508
-1537.612793 5033.071289 -281.872711
1334.836792 -3612.529297 3780.259521
-2139.184570 -2586.106201 4560.008301
1651.302368 1032.316772 -4288.571289
189.137985 -1446.770386 -3296.970703
-4820.109863 1538.519409 2701.497559
-1529.882935 3184.422363 -3950.750488
5112.895508 2326.888184 -2487.599854
2145.819092 1727.975342 2805.800537
-135.026764 -2963.475098 5299.326172
4022.695068 83.345184 -4366.534668
90.534607 -4220.228516 -1715.717651
1949.832153 -3711.992920 -2120.505127
510.315582 1414.657227 -3694.824219
-2957.050537 -2200.275391 -5436.941406
-151.175110 -3102.757568 -4439.797363
775.703125 4309.670898 1069.019287
-1487.593872 4186.773438 -2591.780762
6476.035156 1105.463745 -1344.241821
2824.442627 -3716.468750 3958.551758
-2569.842041 1532.139648 -4303.736328
-361.824951 4876.132324 4011.629150
3680.073486 -1018.267822 -3067.936035
1196.830566 850.627869 -2826.114746
-1062.993652 -5864.941406 -4340.567871
-1611.794434 -6084.489258 947.929077
5392.698730 2770.984375 -940.574341
-1251.062866 -2451.155029 -6029.313477
-92.298325 -3697.419434 3147.951904
-1732.214478 6117.601074 -1150.071777
-3685.408691 -589.125977 -3522.810303
514.201111 -2911.669189 -855.544250
-575.239014 5466.919434 1878.103027
-895.212341 5582.013672 -3325.854736
-2245.233887 -3196.725342 3109.394531
-4886.828613 3817.249023 288.012604
-4125.755371 4181.280273 3088.454346
5773.840332 -73.920670 -2673.073242
4524.821289 537.194336 -1172.465088
489.793304 -2472.069824 -5062.157227
-2713.146484 -4259.657227 -95.790062
-3038.034180 1667.147705 4427.570312
-856.906555 4803.263672 -4920.856445
-1488.412842 -5366.128418 1015.493591
1091.042603 -3576.876709 2768.280029
-5.531149 -1550.700317 -5851.974609
-2467.515625 4097.477051 263.990784
-997.668884 3941.796631 1102.953003
1913.875732 4434.741699 730.165771
4512.219727 -1187.946289 3147.367188
-1609.197998 2083.762207 -4519.284180
4335.162598 -1526.550171 1633.234985
1323.003418 -111.669739 -3758.095947
-3597.588867 1963.804810 4457.832031
-2283.887695 -214.245636 2801.176758
-2209.929688 -387.510651 -1827.147095
1924.136597 -49.352734 4608.306641
-1938.855591 3026.342529 -2685.414551
-3798.560059 -2703.902100 4997.130371
2374.218262 -664.420471 -1206.842896
-3855.787109 487.308533 -4814.100586
1961.906006 -495.390533 4770.121094
-2490.307373 3968.126221 1847.540039
-2244.654541 -412.774445 5969.820801
6440.958008 -375.878937 1752.416870
4094.456299 -632.895874 1813.283203
-1553.337769 1438.974121 2302.545166
1810.289673 1622.596802 5128.780762
955.677429 -4401.347656 -3972.708008
1793.690186 -650.094666 -2439.750977
-2933.409424 1673.934326 2166.319824
560.384033 4931.014648 1970.466675
-4331.237793 -3304.932129 2572.375977
256.090302 628.974487 -62.008015
598.848450 6347.526367 -4395.795898
-7887.706055 -2524.882812 -1106.243042
-3473.185303 2031.950684 6576.307129
-2396.035156 3781.767578 -2224.142334
549.735291 1274.608398 1400.879150
-6605.721191 3542.861816 3010.595703
2233.259033 -1519.501343 -6740.447266
2861.305176 -4606.297852 3147.215576
-1240.673706 6513.355469 -244.973801
-1663.174316 847.190369 2091.132080
545.493896 -6342.429688 1142.293457
-5477.196777 -5693.225098 9443.958984
-4491.351074 2965.378906 -4276.145508
4598.429199 1447.547241 -647.708801
-112.964211 -2693.621338 -4798.342285
4587.668457 1690.333618 1228.043457
1009.370483 -858.214844 -5360.901367
-1548.978760 5850.272461 465.704437
-1642.890015 -755.147766 4132.925293
1884.891235 115.148552 2810.064697
-3906.424805 2243.935303 381.399719
-88.508102 -4060.252686 4135.199219
4116.598145 187.149017 -249.967209
1066.930664 -2957.983887 3181.175049
3696.716553 1152.221924 -2723.835449
-3129.575928 -4012.390869 -1700.013306
-3714.069824 -877.163696 4385.259277
-140.736221 -2327.929199 2158.400391
-1277.845215 179.927628 155.813477
4707.684082 1564.483154 -4346.483398
6288.083984 577.633484 5367.263672
3789.173096 -3862.450928 433.018402
411.609344 -244.768372 -6830.757324
3496.464355 -1563.709595 1489.286987
3208.875732 -806.026855 4512.046875
278.706268 1996.757812 -5117.516113
-1636.892212 -1058.798096 4824.615723
-1444.703979 -5626.751953 2251.813232
1551.294800 -2799.799805 4176.982910
-1246.501587 -2552.624512 5596.327637
-716.561157 -382.688599 1214.302734
-4091.089111 2772.938232 1563.820068
-3584.723389 2826.661133 -3199.864258
3582.477295 -605.827087 4451.956543
-560.017639 -2791.718994 -3551.867676
-5415.340332 -1659.157349 -2847.921875
704.500610 -5294.192871 -2154.113770
-4916.367676 2870.300293 2711.654053
-3915.355225 4280.431152 968.286682
-5316.377441 -1609.306885 2217.443359
995.812012 901.009399 -2892.818604
-4192.449707 -6347.949219 -117.857773
-1387.043945 1312.072388 -5037.024902
-814.832214 3263.432617 -5118.310547
-3178.114990 1148.822754 1237.682251
-697.291870 2725.651123 913.538391
4923.645996 -250.779648 383.980377
-2409.362549 2755.200195 -5509.995117
-752.582886 -4393.422852 4152.053223
-1932.179810 -4983.163086 1175.642334
2708.333008 2317.747314 1639.708862
764.625061 3010.139893 1864.368164
-1486.153442 5917.361816 182.848648
-2184.180664 3345.204834 1950.537720
1390.565063 6033.823730 360.176422
3506.896240 975.570435 -4203.533203
-5147.450684 2412.037842 2019.703125
302.522339 -3977.976318 -3759.421143
178.453613 6126.229980 1164.024780
-3562.056641 -1583.696289 2704.793701
-1350.559570 4767.980957 -2570.700439
-4528.750977 -138.846466 4014.899414
-1571.843872 -900.677795 -3755.768066
1239.235596 -5009.492188 1656.267456
2683.754639 1089.736694 5338.165527
1417.900757 -1566.712646 3713.818604
2569.914307 3588.192383 4262.895020
-2424.533936 -2947.954590 3710.333740
-1553.203735 -1077.744873 -5610.125977
3243.527588 2249.914062 -1424.955688
-3365.215576 -2560.510010 1675.388794
-229.707718 -2127.478760 -5777.054199
2026.010864 -3314.269531 2092.625732
869.650757 -1213.104980 -2623.648193
-117407.929688 -44636.515625 75973.406250
704.153564 4265.564453 1964.709106
3933.703857 570.473328 4123.831055
560.336731 -3107.806152 2486.773438
-436.312195 -5534.000488 86.832733
4996.061523 1702.940308 -26.135214
-534.804565 3938.903564 1335.881226
4117.316895 -789.181702 -2232.454346
4604.106445 1384.814819 -2750.656738
3659.899902 -322.720428 685.251221
837.246521 -5087.381348 692.197510
2102.348633 -3980.575684 -2489.428223
-1348.905151 5597.244629 3318.265869
-1211.208618 2932.133545 2034.612793
-2935.423828 1855.441772 4299.153320
5770.599121 -0.701598 -696.689697
-3136.039551 3464.904785 1973.590454
-38.195580 228.825851 1028.008301
-6091.437988 837.016541 320.926544
-5275.663574 1989.849854 -2675.805420
-53.298012 -706.467407 -4884.270508
-767.115601 715.373901 2661.264404
-2729.362305 264.114807 2429.357178
-1662.568237 -1675.176025 1086.412964
3813.728760 -150.177551 3852.184326
3917.133301 -703.350464 4024.306152
2981.003418 -1521.403076 2159.468994
-5043.562988 -3301.348145 -745.873169
-5028.664551 -2864.524658 1582.472046
-2045.264648 3658.353760 -1940.259033
-441.117218 5972.496582 1402.262695
-3019.220703 -462.174286 2962.795898
2351.265137 -609.705383 -3506.946777
-460.570343 1269.022827 243.067917
4439.355957 622.369019 -3034.794922
-2322.166260 -139.898651 -776.018433
-88.156906 -60.314106 -2338.873535
-1086.824951 1042.052368 -7082.821289
957.210938 6270.404785 1302.343018
-749.087341 -809.511841 -584.712097
-1854.111328 2534.229980 -1737.991577
-2777.154053 -307.468292 275.655731
1928.184326 802.365540 -3390.574707
-7068.873047 -2263.243896 2321.093750
-2946.328613 2150.867676 320.768829
4780.826660 1645.097046 7923.337891
3640.441895 3511.745850 -2838.589600
179.933929 2876.718994 1071.012451
2229.672363 4698.225586 2249.348145
-1422.644287 3578.192383 -2805.696045
2553.498291 -2844.139893 -3469.467773
2923.051025 3682.697266 -2842.621582
683.090637 -2807.031006 6128.230957
1928.726318 -281.628967 -4021.113037
2691.876465 -2100.083008 -1061.457764
3382.853271 3948.340820 1133.093018
1189.931396 -2503.208740 958.046631
3520.080811 -2072.256592 -812.999023
2116.194824 -1591.808472 -4550.714844
-1248.151855 239.348709 1247.810059
3955.301514 -992.119751 -1550.757568
662.324463 -3376.838135 -3545.110352
4761.853027 -1862.350830 722.668518
-5703.307617 2475.358643 2028.772827
691.888672 2181.565186 -3051.290527
-58.204876 3090.265381 364.184875
-4578.593262 -2857.193604 -159.175735
1184.344727 3215.520996 -2574.016357
-2117.774414 -1241.644531 -4743.957031
4858.471191 -1473.412231 2886.773926
5916.418945 -176.298111 709.085754
-4999.511230 1676.341675 -3223.727295
-2687.319824 -580.025146 -5280.616699
1360.931885 1802.313965 5257.090332
2503.965088 -4261.349121 -346.680756
2157.441895 3708.961914 358.059509
-1341.193848 2485.552246 -3242.347900
1338.101074 -2562.452881 -1103.789917
-1255.831177 3863.365479 1339.282104
-9762.106445 -5545.131348 686.413879
-1973.773438 4507.331055 -541.708557
-6778.075684 -684.493225 -2839.729004
-1119.846191 -2943.613525 -1773.210327
-2198.694092 4530.326172 -3251.544189
3007.434814 -5062.870117 1589.675537
2176.776611 -4189.692383 3092.733154
-4768.400391 -3570.057861 8260.644531
1787.080200 -81.022430 2051.083984
2188.937988 5802.094238 940.323792
1654.216187 5106.960449 -1393.416626
-128.259918 4564.331055 1796.146606
-4245.225098 2595.923340 2365.148682
39.530388 3029.052002 1744.504639
-4068.803711 -3155.667969 2094.615479
1293.370728 4774.886230 1946.230347
1498.698242 -484.884949 3533.418213
-3493.252197 2208.496826 4716.679688
-4795.096191 -1630.590576 2285.335938
-768.846802 3332.186523 3414.600830
213.220505 698.469421 736.699524
2419.762451 698.382629 -2727.473389
2532.251221 3981.531738 -119.201973
-1810.947144 -954.631836 -2427.734375
1100.100098 3328.867188 -782.838074
3616.896729 -1960.957886 2895.009277
3227.528320 526.657715 -1337.122681
-1182.939209 673.488525 -5769.628418
-3419.611572 -4110.311035 -1095.832031
13416.959961 -5054.468750 -2770.502686
914.886108 -2631.247803 6809.231445
3575.963867 -2360.313232 3282.265381
405.492828 -1828.926025 3960.611328
-3642.981689 2327.620361 -3639.691895
-3292.382080 2299.132080 3605.428467
1753.302368 2203.175049 2239.292480
-4920.524902 1996.933105 -2563.924072
3545.987305 -5239.860840 4286.624023
1038.548828 -1234.998901 4458.341797
-2996.752686 1703.387573 -184.299774
-739.885620 -2462.834229 5176.786621
3030.130127 3303.778564 1477.290405
456.987061 -1608.371094 -419.645721
-1458.036987 1099.801147 1464.406616
-146.584351 1859.611206 1223.523682
1179.636230 -679.859314 -5745.095703
4765.606445 523.004517 3102.098145
2451.886475 -3823.640381 1301.403931
731.034302 -1607.761597 5814.224609
-3493.753662 514.360291 -5397.045898
309.670135 -5699.581543 1788.806763
926.103088 -3468.620361 1771.488647
604.543823 -6816.091797 -80.247505
-1171.712402 1320.786255 -3452.598145
-2848.083496 4447.975586 2963.136475
5626.638184 -1400.669556 -3052.141113
259.683258 3901.946045 1949.488281
517.759949 -3648.928223 3612.435059
-11.055396 -2215.892090 -5352.247559
4277.258789 -3310.798584 -406.487366
-1537.173828 5310.281250 -179.160477
-1917.167358 1013.881958 2461.021729
-994.014587 -877.534180 4664.250488
695.702454 1863.272583 -4729.750977
-3175.560303 1675.589111 5187.965332
1468.432495 -534.805420 -4222.551758
-96.389023 4316.968262 4364.127930
3838.476562 -2930.397705 -1104.248413
-705.800049 1358.317505 -5591.648926
755.304688 -2315.918213 -4801.920898
237.680374 -4640.277344 1429.951050
-1727.509521 4958.075684 510.029572
1712.067139 2729.683594 4793.689941
3193.205566 -1896.393311 -278.619324
173.017288 -4434.280762 -3798.296387
4518.932617 454.592896 -796.960327
-2105.526855 -543.935852 -1930.814819
4294.582031 1890.662109 -2457.527344
-384.454193 -2057.976807 4763.184570
1935.074219 4648.714844 562.981018
7858.205566 -308.271637 1807.238037
-1064.498657 -727.658630 8103.081055
-3044.924561 4442.373047 -1749.297241
4740.523438 -506.604523 -4019.439453
-269.791962 -363.461639 -2197.426758
1948.876831 117.188995 -5306.478027
50473.679688 22493.308594 -35867.324219
-4136.137207 -117.193336 2679.095215
2233.593506 3839.643555 1821.007935
2195.937988 4147.166992 3371.928223
-3387.139893 3342.852295 4505.200195
1078.084351 665.801453 -6461.172852
-4769.109863 793.363220 -157.272064
1416.594727 5613.347656 1280.426758
5027.845703 5316.495605 -258.005981
4930.324707 3610.049805 1.632316
698.338867 2889.992188 5632.635254
2835.514648 1411.651611 -1746.600342
-4548.319336 957.479126 1123.671021
1244.044189 -876.907837 4430.734375
3823.739258 345.044403 457.049835
3629.356445 1881.760986 788.161011
2202.340332 -570.149353 -2687.504395
-660.224243 3016.978760 4123.981934
-3895.708008 763.510193 3829.888672
2136.862793 -3213.607422 -3091.425537
-4730.750000 -3502.404297 -648.850037
421.698120 3512.945801 -1530.596558
-984.947144 2636.164307 -4398.747559
1491.159912 4970.695312 453.483337
-3673.748047 -3890.342529 -595.998230
-4693.702637 -3092.716064 -2086.010254
-3655.956543 224.705688 -3126.128174
-767.714233 -2549.895020 3310.566406
-2390.640137 -5419.411133 1416.532715
-5798.480957 569.434631 1486.272217
4234.218262 -2019.510498 -185.089279
2637.764404 -1673.169556 2682.208252
1077.027222 -4693.276367 -842.852295
-2243.436523 -494.451294 -5622.111328
22369.744141 36323.257812 10270.775391
629.837036 -783.562805 -2941.541992
-822.314758 8073.811523 -3139.706055
-8673.161133 2525.898193 2739.206543
3362.830811 637.522827 1243.065063
3842.673828 -943.307800 2390.452881
1196.879028 4287.329590 -3415.503906
1010.111267 772.406616 5343.363770
-1241.201538 -3760.232910 4820.206543
5703.450684 5055.658691 -254.269180
-3665.017822 423.784302 1178.627808
-4663.782715 -2930.498047 4783.927246
2945.255127 1267.688232 -3275.177002
-2153.713867 -3720.239258 -3607.947021
912.742188 3247.231201 6565.288086
-6221.382324 -6053.250488 1246.985962
4792.847168 -1815.492798 -1578.321289
-2081.479492 1135.095093 -3286.592041
-2031.779785 -1403.261353 -1508.134399
-3195.197754 -4302.895508 -45.433147
1577.849365 1338.634521 -3992.679688
128.487823 4009.107910 3279.530518
-4875.330078 -2094.062988 -3196.410156
988.299133 -2958.243652 -4809.177246
169.506805 3275.589111 -5888.435547
5994.354492 -1185.335449 -415.638550
-1175.707886 1910.584961 -1195.904541
3656.902832 -2323.593018 4081.682129
-1946.021240 -2335.170654 3982.724854
2473.587891 -2853.620361 5224.848633
1858.195312 -470.198364 -4793.438477
-535.741943 785.417969 -6109.468750
-175.264160 124.011322 -98.783485
1535.288940 537.707520 -3139.526123
5001.355957 -1128.083862 2546.627197
883.428345 4580.069336 -105.224312
-2740.897705 1176.380005 3423.201172
3494.092285 -2146.439453 1668.178223
-3488.429443 1494.775146 2711.176758
-1549.085205 -2799.572754 4159.227539
-4942.863281 3291.433350 1076.788696
1787.952393 -312.590271 -2985.179199
4734.020508 -2876.889893 71.190895
-4091.881592 -1708.502441 -3792.020264
-2152.513184 -799.137451 1344.673340
1842.978882 3758.790771 -1726.547119
3474.834473 -2176.620850 3135.136719
-3238.093262 3055.369629 3327.115479
-3876.634766 -3444.252197 -2156.222168
-4701.189941 1882.612793 -3034.253418
1413.692139 -358.219879 -746.320068
8973.260742 -5475.004883 -864.044922
1008.248169 -4982.812500 -425.905457
6059.338867 -2807.574463 2971.016113
4585.796387 -608.774292 2581.970215
2500.346680 -1800.934448 4484.626953
-4232.833008 -2222.798828 3393.913086
-1226.549805 7542.003418 -681.826355
3489.220947 -3551.383301 2362.371338
-964.501953 4208.091797 1785.706909
-334.502991 -704.521118 -5719.363770
3642.041260 5395.370117 1852.749023
164.126831 -3718.691162 -4608.471191
-4253.953125 2913.898682 -635.299377
-1948.428833 2035.341064 -2817.672363
1986.611084 907.218933 -3566.875000
2457.882080 -6361.394531 1321.214355
6831.192871 2193.030518 771.477295
1383.784302 4269.123047 -41.616600
-3498.789307 618.406006 2672.883057
668.505920 -2272.578369 -1602.244995
6542.594727 379.178986 -195.536346
398.146027 3929.242432 -4652.676758
3044.380371 1912.319458 2258.440186
-1907.265137 157.871643 2340.995850
584.980286 -2154.549072 2640.752686
-3193.482910 1843.455200 1855.021240
-5378.471191 -2141.062500 1907.427490
-5534.466797 -232.082382 3053.347900
-284.205139 -3110.185791 471.727783
52.969349 1654.147095 8044.485352
-8618.317383 323.784546 765.768982
-1766.980713 624.785156 1960.086548
-8165.961914 -678.727783 -2763.106689
-643.344116 2354.105713 5103.232910
-287.418152 3688.604492 -957.699829
-4046.005615 904.693237 1104.397705
-2159.863037 3445.990234 -4664.219727
602.681274 4653.461914 3304.147949
-6459.499023 3142.757812 -1033.419678
2681.132812 2861.973633 -4102.741699
2201.700928 5337.120117 -459.518585
-3430.108643 1931.435425 4169.500977
-4690.783691 -1175.108154 -3456.319092
-3395.157959 -2173.434326 946.844055
538.040588 -1989.136230 -2473.090088
-6726.142578 -1072.737061 2244.640381
-5636.722656 797.122986 214.473694
-3450.308838 -1077.261841 5794.912598
-150.625168 -1056.211792 -5160.530273
984.279175 -241.675735 -754.687744
342.352875 5962.969727 -5442.173828
-4953.018066 1221.175903 1909.535645
6004.743164 -1113.915894 687.645447
-1513.980103 5475.748047 -1361.732910
3266.350830 212.690277 -1615.557495
1455.280762 540.367126 -3387.993652
-1662.831177 5537.442383 667.180115
1510.290649 -203.188202 -1653.193115
5988.836426 -2052.776123 -1200.964111
-2685.911865 4693.896973 1597.622070
808.395691 3491.177246 917.450806
4746.801758 3464.739746 -1602.709839
1227.917847 -2311.045166 7296.174316
95.703545 783.166809 -2299.139893
-5717.503906 -11411.901367 2334.057617
3059.295654 -1155.725098 5645.155762
787.757385 4007.999268 -3522.066406
-272.150269 -855.867493 2410.491455
1165.706787 1648.675171 -3630.089355
-3261.310791 3599.167725 -2166.772217
-213.317764 6850.406250 -220.137512
5034.161621 4731.338379 -118.294395
2733.183594 -4423.685059 -1658.434937
-3758.618652 -1341.595947 -4704.761230
2005.009888 -143.881454 -2120.691162
-4488.726562 3059.697510 -854.261047
-1961.292480 2120.239990 -5872.400879
1208.187012 2969.802490 -1597.277588
-471.770996 4758.875977 3864.625244
2208.592773 -3033.042236 -4195.089844
-870.376038 5351.383301 -507.186066
-6668.225098 -2020.093384 3204.567139
1726.491699 -3587.126221 -3042.918701
2692.565918 -3465.999023 3343.336426
5536.735352 -1925.458862 -47.419189
265.056396 -4515.531250 -3778.903320
4502.095215 -2026.843384 -1660.201172
-562.866699 -6457.893066 -1851.960327
3977.169922 3915.365234 -4299.428711
-4767.639648 2270.275146 2609.250732
-2106.639404 3877.231445 3899.763672
-3332.726562 -906.714478 -4086.075684
-1253.889160 1339.820679 -5370.526367
1498.941650 1136.170288 -3868.195068
-933.971619 -4519.974121 4227.614746
-4873.626465 -816.184326 -2438.145508
-5943.854004 1372.460205 -3294.228271
46.622974 -2746.122070 -4844.450684
-1406.177246 5023.954590 1510.761475
-2621.551270 -2786.748779 -3047.332031
5314.832031 2266.662109 -2426.628662
-3258.005127 3953.520020 -1405.736206
2809.309082 -1464.203125 2602.941406
3687.102783 3184.170410 -2295.271240
-1410.856201 -4623.731934 -363.089722
1743.076782 721.828064 -1997.372314
1200.522095 -1875.150879 -3954.390381
-4798.541992 1293.354004 -73.002975
3188.276123 5691.632324 -2771.843018
148.232010 -2660.829102 5430.203125
-3857.162598 -4039.675049 380.220917
-4069.761719 4110.411133 -2526.296143
-3631.466553 -2727.767334 -2165.326660
1721.869385 -2700.524902 -2621.851807
3404.575195 4030.155273 -2150.907471
-281.477509 -162.659653 -5363.483398
-1290.730835 451.139282 345.067261
-931.356262 -2909.067627 -591.009277
-4897.110840 61485.429688 -617.155884
-2785.659424 3853.962891 -2643.542480
588.366882 4844.365723 -1817.554443
-2606.014648 19.786825 -2739.471924
2131.655273 2967.543457 -288.830811
1637.059204 -3241.898193 -4911.953125
-2075.268066 3357.352539 1189.873047
4307.597656 -2264.042969 3181.522217
-2132.707520 -1740.075562 -1105.789062
632.798340 1457.381104 -2430.508789
-2161.375977 3073.332031 -3067.554688
-799.296692 -154.613342 3920.707764
1667.602173 2167.442383 1962.417480
-206.069443 -32.011803 -5127.071289
-3872.653809 1250.030762 4001.458252
-2924.594482 -6388.144531 -3347.556396
5847.798340 2309.955811 5573.363281
-1923.231934 -1534.922363 -440.677429
1212.471802 4532.994141 2761.916748
5115.151367 -2283.341553 -1453.167969
-1023.514343 1490.373657 -4126.378418
-3456.250000 3750.414551 2774.422119
-2256.103271 2709.979248 4483.128418
4593.290527 4798.260254 -1209.051025
-1862.500854 3357.632812 -3081.751953
2625.971436 2158.755371 2823.093506
-2183.680420 -5386.831055 -988.410034
2018.018677 845.025574 3870.604248
-1753.666748 2687.571289 -4028.105713
-833.279541 -585.148132 -4087.183594
4783.170410 -980.178711 2227.847168
-4901.110352 -1792.757080 4352.371582
-2618.674072 4312.875000 2204.019043
-2607.788330 338.221497 -4747.342285
-2334.027832 -1675.475708 1633.901489
2264.980469 -3702.105713 3165.528564
-250.170151 3076.814209 2459.346436
-1236.618530 -1967.194702 -3367.708740
11651.076172 -2305.975098 -5568.631836
5649.715332 -2094.475586 1732.131592
237.230896 3240.157227 -3009.447021
-861.254639 -2775.941895 3691.457520
-5748.955078 1573.307495 995.833008
2764.568848 2073.050781 -298.415588
2557.180664 126.077827 -2649.382812
-2797.854004 -2883.980957 -2326.299316
2339.566406 -2505.479980 4474.620605
1749.489380 5593.974609 -1948.973877
1508.579468 -2404.068359 2325.138428
4056.581055 -946.019409 7935.154785
408.296082 -1771.528076 -3047.379883
4701.932617 -1181.953369 1726.851196
5628.843262 2061.882812 -415.228729
2770.083252 -773.972900 1825.087891
-3691.908936 4401.275879 -943.790344
-3780.584229 851.711914 3695.354492
463.612183 -3968.587402 -3077.333008
3663.813477 -2143.673584 802.198181
2445.447510 -3987.338135 2113.208008
-885.522217 -5082.248047 1802.568115
-1302.373169 253.955902 2439.131836
341.060852 -6200.933594 629.525330
2995.036133 -1525.921143 -4432.045898
-5438.976074 -355.314423 2011.507812
-384.305817 -3148.106201 -4643.319336
-3883.352295 151.984741 3334.514893
-770.368225 2328.491455 4635.820312
239.849731 -1075.130005 -4332.996094
-2988.361572 -3967.627686 -2096.252197
-1253.092773 6512.335449 -1228.293213
3753.907471 3623.880615 2269.214111
-2664.213623 -1320.473633 -4196.515625
-4321.769043 -2587.768311 3263.437256
-3094.291504 -3009.281738 -3164.792480
2531.334473 3234.888184 -2750.807129
4538.002441 1306.570679 44.682343
1438.129028 3909.774902 -3089.403076
303.112610 -3005.080566 3933.365967
1065.087402 1664.966187 -1005.421265
3467.537598 -1652.768921 -3561.788330
-1145.278564 1172.111694 685.973206
5837.808594 2269.200195 343.941010
1157.025635 -1046.036255 -4086.446289
1577.738770 3996.572754 3607.912598
2266.009521 -665.897827 -3244.945557
-5003.679199 -2923.271240 2806.641113
4197.758301 1112.440796 1311.503052
-4456.038574 382.292877 3012.325439
981.793640 4133.979980 -3121.756836
3621.484131 4118.340332 1586.310425
-2419.382080 761.518677 -1394.209473
1376.108154 4738.559570 -2865.118652
2508.793701 5696.680176 -147.842651
4026.531494 3849.170654 -2310.731201
163.256241 3693.885742 1275.477539
-2640.263428 3604.878174 3734.646973
91.890244 -697.382935 -6346.032227
985.544922 5449.615723 36.763313
-1630.029663 5164.229492 -1081.640869
2367.863281 -2943.034180 -3383.543945
-43.222946 -3832.423340 -4899.728516
4872.038574 1086.843872 -635.277588
5212.873535 -28.309338 856.033264
-7280.439453 746.550842 -1609.263428
1361.788696 3788.867432 -3257.542480
4941.055176 3493.965576 1093.396851
-2892.208496 2192.543213 3939.385986
4944.371094 237.632172 6723.836914
-490.674164 4310.102539 1224.007690
-1551.274292 -2476.565674 2691.238281
2629.846680 1482.101929 -5247.037109
10376.562500 7126.050781 -11391.925781
2655.756104 2230.025146 5255.450195
-1025.984009 -419.539215 -1231.306152
-2577.786621 1362.116577 -5532.978027
-801.361572 -1999.392944 -2060.414307
2491.606689 2573.981201 2351.477295
3383.857666 -248.621658 5150.694824
5006.472168 -2890.069336 -2112.364502
-2437.519287 -1275.615845 -4533.153320
-3292.253662 -904.728027 1181.052856
552.020630 528.482605 -3426.712646
-6193.107422 883.855469 -390.627411
745.807434 760.221375 -5817.904785
-3190.004395 3073.170166 1231.403687
-161.307907 6128.513672 -55.250301
-4440.196777 -2218.168213 3143.433838
3851.216553 -5779.211914 4903.587891
1627.588501 3159.580566 -4485.900391
5605.078613 990.010742 -191.243347
4967.433105 1399.434448 -2834.171387
2770.582275 -258.046387 -5423.586426
-559.420776 8.089214 -999.558655
4089.479736 3129.847412 -2953.140869
2198.696777 2136.309082 6860.641602
-3302.067383 5611.630859 -2114.870117
1498.636841 -534.618530 3148.345215
2867.651123 -1198.300171 -1865.519287
5248.155762 -146.175522 218.752304
2887.000488 -997.950562 3939.247070
-345.600494 5305.621094 139.710709
2765.583008 1613.916626 -313.441559
-4053.823730 1106.045532 -4882.375488
5072.614258 4890.426270 3631.759766
372.851746 317.008270 -3681.360107
-1435.412720 -2023.024170 4359.002930
4424.526367 -1289.095703 2021.592041
3551.868652 -3071.966064 -4978.113281
-2047.452393 1120.636963 -4674.165039
2904.584961 870.435547 1992.077759
-3423.023193 -2907.096924 -1075.605957
4560.557129 -906.513977 2050.932617
-2876.483887 1523.578857 3584.693604
-1757.767334 691.752808 -4069.432373
2698.143555 -2201.972900 4471.668457
7033.834473 -698.031555 2447.639160
-515.997192 5258.270996 3267.981201
-2146.523438 3175.284912 -1698.480713
-5561.241699 13821.798828 -5187.439453
1004.650391 -809.392883 3404.974121
-5284.114746 2051.182373 1206.666260
-4872.487793 1425.901978 -3873.913574
578.904297 -3887.843750 -4354.055664
-4505.717773 2215.452148 -1965.754395
-3894.220947 -1985.597534 2099.438232
-5925.628418 2374.537598 582.795471
192.452148 3206.834229 -3190.701904
4974.622559 -2442.522949 -1189.518433
7268.387207 2617.816162 11217.160156
-2794.270508 -2890.125244 2091.834717
-1802.248413 -386.296112 -230.422867
-2077.861572 -266.269165 -1156.438721
1391.648682 534.205994 -3596.693359
5069.457031 -1189.924683 3022.258301
-1141.123901 100.238922 2076.538086
1301.873657 325.005096 -5072.726562
143.399323 -1093.192383 -3623.882812
1456.069946 1158.128540 1380.316650
2149.119873 -2351.419678 -4342.606445
-4666.158691 -3939.530029 757.572876
1288.088257 -660.381592 -5172.904297
-2607.315674 -716.503540 -2121.083984
-2356.019287 -5149.943359 -791.444885
174.251984 2835.434082 -272.036102
1642.219849 -6084.027832 560.386292
35.856823 1083.959106 -3848.330566
341.337067 2499.807861 -3069.977295
2086.091064 1247.792847 796.188293
-537.199951 -1958.832153 -4754.700195
4898.163574 -4603.060059 -2726.018311
4984.519043 3349.669434 4634.783691
-27850.921875 6299.326172 11111.283203
-1408.154663 -4562.730469 -2757.928223
-2306.340576 2814.054688 -3516.742920
1659.967896 3847.129883 -5006.386719
3013.954834 3382.075684 -1429.172729
1189.280273 3915.517334 -593.180115
-3032.312256 -2171.449707 3742.091064
-257.943390 -4029.508057 3733.893555
1522.315552 6174.341797 -122.221359
3005.687012 -1921.720215 -5678.632812
2854.702393 -1556.541382 1981.594482
5555.197266 -1143.696167 460.050262
-5058.136719 -968.704834 3202.234619
-691.047668 1516.042114 -3216.578613
-1892.450684 345.211639 -193.744354
-1406.407349 -2929.993408 4386.834473
5577.247559 2141.731689 815.684570
-539.612671 4620.229980 1691.827637
623.116028 4405.620117 -4014.896484
-1632.191528 -310.573395 -21.192579
2172.296631 -2810.193604 -1490.687988
-66.944916 -4738.397461 -3973.119873
-4092.383789 2550.579102 2967.432373
-1761.975098 -219.027451 -1823.665283
-3125.850098 1562.157227 1768.086182
-381.685638 2141.056641 -2417.461914
-2620.799316 -132.107819 -2521.620850
-327.710663 -1953.468384 3750.835938
-6244.300781 -811.742432 1022.798462
-423.645355 -4423.145996 3569.841797
-394.815399 -3491.593994 -3986.147949
7494.741699 -17322.896484 8953.103516
-325.255737 4275.665527 5183.888184
-4789.038086 619.897339 2733.465088
2392.745361 -4233.758789 146.841034
-3156.507080 -506.313782 -3866.057861
-4483.755371 3563.348389 -501.551605
3318.878662 -4005.317627 1042.135864
-899.652588 -3489.641602 3669.565674
-2869.635742 6103.368164 662.889893
202.964478 -80.442070 -676.142639
-5344.022949 1277.964600 -355.093903
-3529.689697 -1548.088501 3893.833984
-5772.795410 1720.905396 751.861389
-928.850525 -2941.064453 4809.397461
3963.992920 -2390.436279 3947.520752
638.405640 -1447.347778 -1250.178589
-1157.821411 -1455.876343 -4297.725098
-70.200752 3737.228516 2075.313721
-2.115604 -6668.640137 1776.733154
4880.641113 -997.982422 3883.928711
1559.328369 -6930.642578 -1338.252319
5916.283203 23.303518 4263.704590
5793.643066 -725.789307 -551.148804
-2280.275146 -4332.030273 2228.819336
-5583.327637 -604.234741 2705.215820
-2123.088379 5943.683105 1037.984131
-2765.660645 -2251.264648 -7126.456055
2102.332031 -3397.880127 4919.262207
5172.380859 1857.152832 -501.217621
3952.797852 -3897.650635 2185.268066
378.525085 1086.248535 5273.246582
-5273.852051 1678.871826 -5128.847168
-894.646973 -466.354004 -1144.539917
-7741.482910 -2582.470215 -299.101654
-16877.572266 3374.328613 2480.948730
-269.571198 -125.668556 -3243.981445
-3848.537842 -3144.574707 -2141.900879
-1641.702026 -3150.769043 3922.663086
402.998077 2484.162598 6750.202148
-5437.062988 -2649.122559 530.007874
3182.648926 -3139.017822 457.843048
-2368.166260 -5573.561035 1181.556396
-5324.032715 -10667.904297 2897.569580
494.727905 5351.144531 2801.895264
2859.125732 4172.377930 -2802.568115
4372.941406 -3642.392334 2287.535645
2770.553467 4477.321777 -1673.337646
-877.015076 -3484.083740 -2118.424072
-5409.624512 6598.375977 71.367775
-4520.086426 1599.067627 3797.063232
-2952.891602 1790.976318 5324.934082
-262.299530 5346.697754 -2728.495850
18.691496 -2080.354736 4661.185547
-2303.802002 -3565.000000 5049.439941
-3241.549072 -1438.592529 -3763.463135
2992.257080 6650.109863 -3447.856934
-2801.844971 476.865417 8648.100586
-1901.187866 4942.983887 2354.897705
-1362.000000 3571.852539 4102.748047
5741.413086 -766.375488 5933.429199
-1375.248047 -6477.494629 -1462.574341
-1060.405273 -282.387238 707.882568
-395.953156 -5273.750488 -2773.548340
1081.868042 1588.927490 -4755.354492
4120.908203 -2795.047852 1558.200684
-1694.561035 -3630.068359 -689.987610
5445.343262 -2022.798584 -211.748093
4148.313965 -506.603546 -2609.435059
-1878.088867 3844.388916 1101.723022
-4226.629395 4757.506348 468.963074
-668.863892 -4987.957520 -1108.084961
-3944.436768 -599.957397 -1971.332397
-4241.246094 -3393.693115 -484.559326
796.544250 24.437681 5646.318359
-4346.955078 -3744.733643 1311.188721
1985.305176 1538.366577 3062.705078
-2255.838623 -800.433838 3551.465820
-1488.606689 -5281.281250 3208.579102
652.576782 -913.181641 4404.104004
33.752556 -939.513000 5732.666992
4843.530762 -3357.279053 1379.861206
-2241.748779 -5311.703125 -4080.690430
-3304.797363 -3684.637207 -2280.215820
487.799652 1668.237427 892.587830
-119.121513 2190.657227 -4329.446289
-378.508972 5759.585449 3081.542969
-2703.001221 -862.767517 -3234.131592
90.561447 -4410.526367 -4254.652832
901.839111 -2771.166748 2509.980713
-1461.758911 -3464.319824 1563.956909
-554.656921 2301.238525 5261.061523
4061.128418 1572.391235 2719.587646
-686.808167 -178.462570 -1000.655212
-936.558105 15136.629883 -6371.287109
-2032.863281 -4197.260254 125.137077
3383.168457 -1978.126221 -3551.239258
743.627625 3791.210693 5394.448242
-810.490906 -4775.844238 -2207.287598
1351.587280 -508.936432 -3729.243164
822.974243 -3359.028564 719.645569
1615.421387 -1478.585938 -1251.585327
-6393.335938 -256.982544 818.121643
259.767761 52.782703 2431.208496
-4535.129883 1547.888428 1039.233887
-1470.031738 5561.000488 -1261.419434
719.716614 194.718140 -1961.590332
-2104.164062 -3583.090088 1064.958618
4852.455566 -1722.673462 -1383.308105
-1113.234253 -10.225299 -2883.800049
3865.381348 -583.854431 3120.334717
1231.478149 -2636.815186 -2186.687256
752.980225 -4269.968262 -3463.767334
1842.150513 -6868.566406 2200.420898
-1404.897827 3830.069824 2079.010010
1726.697266 4928.283203 824.320679
3203.360840 -551.030334 3372.032715
2782.993896 -4684.678711 -1372.470215
-4215.904297 -442.866547 4233.265137
-2078.307373 -1465.843994 7481.948242
-3779.998291 -950.973083 -3385.458984
2729.591553 -3394.181152 1842.892456
-4814.876953 705.577148 4254.051758
3383.337891 -529.299622 -4067.984863
-3543.158203 -283.007721 -4560.275879
-905.290161 561.998230 -1345.399414
5475.216797 2120.192139 547.728394
1845.429321 -2905.397217 -5317.538574
2131.878662 -3284.370850 1491.550537
1755.088257 153.079910 2110.354004
1101.402100 2955.063965 3918.019531
2338.120605 -3857.266846 4107.149414
922.542847 -2602.699219 1940.823486
-655.806763 7171.912598 -119.208992
-675.121460 -1477.015259 -943.209229
1189.463745 2852.117432 2482.499023
-259.522369 5764.869141 768.980103
-1472.644775 3546.991455 4684.625488
-1581.435303 760.303650 -3701.448486
-4305.895996 -4283.425781 980.820496
2909.869629 -152.118759 -2031.621216
-1605.001709 3148.709229 5350.074219
1249.684082 3397.950684 2522.477051
2.347704 8051.360840 -864.515259
-5724.413574 960.633484 220.913986
-3050.757568 1164.667969 1122.866333
-2981.090332 -1810.859741 -2956.618652
-6849.424316 1836.354736 -2047.821045
-421.665039 -1853.849365 -2965.603760
-1372.860352 -4699.792969 1447.943970
-1945.946167 2220.125488 -1416.315674
-3447.495117 -3420.330078 824.768066
3409.156738 2483.216309 -969.857727
950.155151 -5098.695312 1568.451538
-5713.829590 2224.912354 -1948.520752
-654.617310 -2536.464600 -1331.544067
-2576.735840 -6994.697266 1351.942139
5335.864746 1738.153564 -1638.641235
22.865871 -899.596375 -2235.090820
958.062256 -96.426384 -3121.388428
-1062.328613 -1119.322632 -4870.935059
-515.975647 -4858.526367 3465.878174
-1621.185303 -2305.472900 -91.723244
3345.290771 -2800.332764 1117.599854
-5177.834961 302.463562 2671.708496
-357.477203 158.248337 3999.275635
-1335.109009 -343.931610 4359.428223
1000.725464 -719.982910 -3015.741455
-552.600098 1407.237183 -4663.071289
-744.677673 4890.352051 1178.655518
3957.665283 -2899.763672 -910.656982
-3996.704102 -3653.281250 1319.308228
-3480.267822 2563.752197 -2110.757812
-787.764832 3639.909668 5072.517090
3306.136475 2106.958496 697.311768
-3574.729980 -1049.800049 -2794.204346
-4158.845703 -2323.867920 1519.508301
-3913.227295 -2196.285400 -2747.699463
-4418.065918 96.410469 80.513672
-3867.235840 863.591736 -3501.893555
4148.285156 4676.865723 -487.375427
5421.516602 -2518.373047 4032.619873
-1955.749146 1297.691650 -5372.354492
273.435791 4161.266602 4873.775879
-1555.716797 -2870.757324 -4392.345215
1536.962646 -792.062805 5465.366699
-12923.612305 -4881.043945 2018.773438
-574.852478 -3461.869141 4817.945801
2872.981689 2167.965088 3528.149658
3755.527100 -1101.750000 4723.421875
-761.379028 -1995.114502 -5226.198242
-1455.027588 2643.019043 4574.434082
389.894592 -3984.453125 -4576.373047
2766.955078 -817.641602 229.131531
242.787140 -5373.622070 2789.327148
970.724609 1088.502197 5129.407227
758.720886 -3502.280762 4243.107422
-834.678223 -675.649780 3680.923340
7452.067871 -1228.515259 3127.060791
8989.701172 -3069.074463 -9198.608398
-6614.220215 2059.509766 -4495.783203
-1773.277832 3272.847656 1401.909546
-793.143127 -3224.830322 467.416595
1706.644043 -4368.881348 3276.129883
-5608.245605 -2803.122070 -1902.385010
-3041.263184 2922.452881 -1242.846558
-3881.259521 -3745.713867 1698.667603
4055.247803 1502.233521 -27.380926
-1013.078003 -4126.811523 -2561.984375
-2651.392578 3287.537109 857.822754
781.623596 2827.527100 5505.490723
1350.633057 3005.362305 -1035.380371
2426.085205 -1187.856812 5658.002441
-1648.847168 668.112976 113.660805
1740.912354 -4598.871582 1399.468262
-1142.406494 -197.418182 -3542.148682
-4135.322754 268.545013 -427.914185
3642.575928 -3567.338867 1285.504761
4402.952637 -3241.387939 -1482.110596
1144.634521 -6848.729004 1011.331116
673.682251 -4316.483887 1943.795166
411.784180 -1947.593628 4937.926758
1584.484253 701.359192 -2592.198730
3972.141602 1401.146362 -2192.674072
2741.885986 369.132385 -2807.205566
-2430.400635 4119.156250 -3662.448730
-1090.381958 1860.129028 -3705.946289
-1412.165649 -865.189575 -760.232788
-1737.586304 -5944.482910 -589.043640
-3112.431152 -1642.325073 -4236.288574
-3281.156982 757.932556 884.043152
-1220.063477 -639.319336 -747.103210
-2924.087646 -5792.873535 1448.116943
-2784.998291 3114.407227 150.161240
3927.536621 -243.446960 -2085.723389
-3247.175537 -1050.453247 2229.064453
3655.678467 2044.256958 -2953.181641
-4290.277832 994.711487 1214.601074
141.174606 -2904.724609 2255.016113
5974.789062 282.457611 1441.719360
1767.416504 4258.228027 -1098.232910
780.180176 3185.106934 -849.497131
-97.182106 -2327.156982 -5544.949707
2122.924805 -2601.355957 -364.878510
-3259.051758 1782.873047 3382.848877
4135.551758 -4052.997559 144.136307
1522.955322 -411.021973 5485.866699
4082.916748 -532.930542 -1744.846069
-1788.340332 -1712.387329 -1041.674927
-2668.909668 4764.008789 -2081.799072
-2600.505371 1496.441406 2658.637207
2142.794434 2354.004883 614.667053
4391.011230 -1803.047485 4085.095703
6404.893066 406.890289 2205.596191
-5621.146973 1277.498169 -80.076729
3686.011475 -708.251892 -1592.589478
-2847.712402 5202.428711 -2706.660156
199.113022 -3998.054443 -666.928284
1264.140137 -1084.727783 -3917.773682
-9.800622 -4620.430664 -3104.312500
3502.084229 -2264.055420 -766.365234
-238.238052 -1235.614624 -4650.989746
-1455.005493 -732.666687 4792.625000
370.724609 -5143.759277 -2929.008057
6565.785156 -4577.949707 -2124.815186
-729.915588 6423.311035 -333.114258
5061.908691 2057.179688 -1403.000366
-3024.903809 4124.965820 -1867.963989
-3293.317383 3869.300537 1656.085205
-1878.431763 -2885.232666 587.174072
-2054.393066 -1004.928040 -2107.139160
-3173.131348 3550.226562 2929.685303
1239.051270 -3498.416748 -1995.353394
-2232.743164 3731.510986 -232.887619
2807.504883 968.041016 1990.572266
-3690.261719 2522.249512 -1654.297485
-4117.668945 -1173.188110 2771.353760
-5825.857422 -1163.614380 1130.122681
-1259.747681 -4443.747070 190.722443
-697.085999 -639.912476 5311.186523
-3694.068115 9720.413086 292.630920
299.480316 2682.353760 3208.151123
-2077.297119 1925.350342 3590.630371
-7514.730957 -6426.492676 1610.517456
1974.326416 5358.298340 5782.157715
996.910645 -5481.743652 -3085.498047
961.969604 -6217.037109 608.118896
3377.021729 436.361664 4075.599365
-4311.581055 1163.581909 844.522339
267.861786 -4625.833496 -1335.250732
-148.894119 3120.711914 -4493.886719
-1799.723022 1613.182983 -5620.024414
5261.777344 2003.749023 261.761719
2123.580322 -420.711609 1811.340820
1993.477417 7995.476562 2169.852539
-6819.758301 240.567657 896.394775
-1131.861694 -1965.541504 6355.694336
2766.161133 -2323.705811 -657.660217
-4008.432129 -4432.243652 -4187.009766
1633.826782 3437.999023 1999.907227
-2781.504150 -2042.810059 -5440.103516
2913.613281 -2682.093506 725.025757
-6661.519531 926.945068 2856.136475
3707.061768 -4102.456055 727.794556
2002.958008 1657.445312 1537.482666
-5956.768555 4274.342285 961.006775
-1907.848022 3892.778564 5929.097168
5126.251465 2088.836426 1417.141479
5847.659180 1118.169312 -427.233032
-4110.520508 -4129.838379 830.341492
878.502991 -5628.464844 -2566.319092
-1133.288208 3411.887695 1494.428589
-287.873505 -1523.232666 7480.517090
-7093.307617 -2895.805908 1295.218018
3352.851807 -2721.580811 -1828.750488
4012.142578 -1120.976562 -1130.807495
-2958.493896 2186.278320 -4203.666992
330.319489 4406.421387 3704.460693
3593.868164 1757.433594 217.798508
-2146.900146 2316.375244 -5264.092285
2431.466309 149.497711 -4256.091797
-8705.161133 1507.223877 -5316.708496
3845.421143 5880.508789 979.618774
5260.070801 -2243.392822 3391.102783
-3595.919678 -3459.558838 -1945.825195
-1648.732544 3016.648438 5068.477051
-1632.649048 -1411.791992 969.340210
613.485291 -884.347290 2733.371338
2547.643799 -961.146484 -898.608032
-5836.354004 -138.051071 -1599.791138
-2640.872070 3845.778564 -1578.070068
53.268589 -2660.129150 15573.064453
-2534.241211 -2549.093750 3594.117676
2885.634521 3230.498291 -2371.762695
-1235.816040 2973.302734 -3127.739014
975.943237 1571.335083 751.982361
-1348.978882 -1335.511108 2093.979248
762.354980 -5950.431641 267.829071
-4149.810547 -1154.064331 -1941.005615
2224.259033 -4128.001465 1339.706909
4427.845215 2083.213623 4051.770020
-4173.869141 -4868.652344 -1317.182129
860.168701 -4269.181641 -2981.282227
1489.832397 -611.353027 -2820.322754
5607.759766 23.083271 -1380.433716
4523.256348 503.436676 -177.147781
278.721558 -2941.694824 -304.470093
-1265.725586 -861.422668 -883.818665
-2047.902710 6411.164062 -2133.906250
-2440.265625 -165.146393 -3203.591553
-3239.277344 2857.644531 6774.357910
5075.019531 1486.581177 874.072327
2976.698730 2860.556885 1917.179077
-3748.142822 -2949.777100 1546.515137
2062.768066 3998.644531 4262.739258
-1743.023804 5807.696777 -134.890930
-5472.050293 509.581238 -4688.678711
3361.252197 1693.543579 -4289.288574
1054.349243 -2008.592773 -5098.670410
-783.840027 4242.832520 1863.458008
2737.630127 2825.994629 4339.544434
-5174.381836 -2138.029785 2316.183594
1627.067993 -360.176361 -4174.697266
1529.996216 711.912354 -3706.634277
-8294.975586 -4136.550293 -222.734222
4663.685059 -180.910355 1443.859863
-3432.706543 5194.429688 -2626.260254
2089.620850 -2714.681885 79.897255
-4405.693359 4312.838867 1326.698730
3751.494873 -3910.152832 -2622.141113
3444.171387 4692.474121 667.638123
2126.483643 -4177.186523 4129.758301
-2711.971924 -274.749786 1032.581299
2188.625488 -6233.406250 -401.713104
555.952759 945.420715 -5594.557617
-3770.051514 -3491.095703 -843.410034
-6434.091309 1935.361694 -2927.556885
253.755371 921.094055 -7397.471680
-7179.430176 1234.687378 602.547241
-1647.948853 -4511.203613 -2138.213379
4184.218750 792.736938 -3388.104492
-1985.289062 -2037.902100 -1312.952515
2102.238281 -634.600159 -3306.119141
1411.341797 115.569374 -3460.710938
-4099.298828 1383.051880 -2400.107422
4910.767090 2958.291992 35.683254
2862.177246 -4433.632324 -3293.418457
5041.451660 -3092.966797 317.911346
-2100.437012 -3778.173340 -118.672707
4058.694336 5928.415527 -69.568504
-7157.308105 -792.726807 1624.149414
2974.488037 -558.695679 -2610.227783
-1069.665039 -1860.045898 2264.335938
6025.267578 846.820374 437.171692
-2105.072998 -3971.404297 2315.984863
-689.179749 5725.645508 1879.866455
-2257.218506 -2123.104004 -3287.282227
3976.224609 -681.354736 4836.517578
-3953.925781 -702.130371 -3742.476318
2947.030029 249.554016 -3347.879639
2445.902100 -1077.161133 -1002.344116
-3786.879395 1698.719849 -3043.180664
1453.414185 27.675632 -743.525574
1589.036377 -4412.591309 -4348.738770
-4868.898438 -4684.805664 -878.308228
514.438599 -2859.766846 5148.724121
-3380.868896 511.343048 -2004.599487
1081.226562 263.340179 6408.056152
1422.474609 1068.027100 3390.310791
3898.432373 -1404.598755 2770.292480
-2800.853516 3817.126221 -232.812881
4300.993652 -159.611038 -1040.848999
-1915.986084 -256.572235 85.450661
4603.075684 -729.262451 1124.450928
-1629.945312 163.094055 -4099.464844
700.795288 3139.294189 2402.134521
4144.299805 -1152.867920 -4051.882812
-7821.336914 327.713318 8405.884766
-3980.908447 4724.641113 1231.604614
-4077.017334 564.225525 4053.114746
2227.372070 -711.259766 3719.939209
-1885.284546 -111.651558 1545.538330
3201.800781 -1466.482788 -528.264709
-2347.001709 161.337601 4192.926270
-458.811462 781.276184 -231.185562
-4184.514160 -4195.820312 -1758.465454
-950.699097 -1320.574097 -1979.384644
1877.693604 -2344.363037 -3877.619141
1922.893311 -3775.163574 -3332.666748
339.758575 -4078.217041 4305.775879
5990.147461 954.193420 -129.357620
551.701904 -5691.257812 2926.558105
2018.970581 -1661.000610 6064.761719
-1703.102173 740.237854 -5732.161621
-1613.709351 4726.750488 5201.740234
3114.062744 -3062.622070 -1382.447144
2283.467285 1139.298340 -2205.957031
-2084.903564 14501.226562 -6713.646484
2961.036377 -1189.017700 2923.523682
451.473572 -6756.107910 -1979.951782
-4560.280273 20.922997 3661.053223
-2064.049072 -192.407898 3604.105469
847.886353 -669.923035 -2755.695801
4802.791016 7156.977051 -10224.132812
1652.570190 2420.137207 -4077.243408
1329.242065 -1256.932495 3139.850342
-2567.877686 -5892.621094 765.846985
-3413.489746 5733.798340 965.167664
-660.915283 -2146.368408 2733.085693
-5279.138184 11605.043945 -8066.990234
-663.784546 -6756.033691 -501.607086
-2741.802246 -457.124023 2631.033691
4864.992188 -6219.202148 4412.533203
-3294.311279 3534.752930 -3611.117920
1861.414795 -5157.185547 -1494.716187
3787.326416 -1656.387695 223.279938
-68.326836 147.929504 -3713.836914
-1922.638794 1648.319580 -5125.754395
2199.391602 6405.525391 34.562679
4059.803711 855.006592 87.599648
11513.248047 5891.649414 -13.900514
-913.459351 -3863.913574 -817.381104
261.987457 1947.838501 -3056.570068
1860.891235 898.325623 -3724.580566
-2901.339355 -1329.336060 5132.652344
3175.947266 -612.735535 -2285.835205
-374.735046 5770.652832 3164.751953
134.476776 -2047.182983 5750.496582
2186.730469 4063.247559 3249.792725
-1215.330688 4208.776367 -1608.124634
-1452.484497 -4558.887695 -4715.657227
3104.030273 5942.947266 935.571350
-2065.871826 5116.575195 737.168518
-9590.138672 -1489.094482 -5449.049805
-1224.146240 -931.322449 -5274.443359
4229.361328 2256.404053 2881.088867
-916.573853 -970.511719 5112.631836
-5655.924805 527.161438 525.918884
-1254.476562 -6142.526367 -1468.351807
-5897.466309 2404.602295 -1479.638062
-2804.807617 1932.716553 -178.029587
-5123.174805 -5517.073242 747.383301
-2625.490234 -2963.333252 -5158.411133
-1845.713257 3197.343018 -3326.173828
351.526581 -2129.212402 2623.752686
-3273.429688 51.182308 -3854.453125
-16393.943359 -7625.618164 27547.853516
5822.092285 -855.038330 1727.044189
-563.043579 4936.895996 3078.625488
-1818.641724 2346.925049 1608.057007
2380.149658 1987.202515 -1491.496460
3096.951416 1347.173462 -2020.637817
28715.949219 7175.445801 2835.920410
-4693.710938 714.746460 1985.621216
-11018.499023 -2575.650146 -4815.224609
-1979.838501 3275.134277 -2514.958740
-3053.322998 1077.893799 2159.078613
3205.092041 -3723.455322 2867.391357
4090.849609 -970.286316 -1726.316040
3569.879883 -2584.952393 111.531197
-2454.467529 2274.682373 1947.796509
-986.718872 3788.423096 383.969482
4651.847656 -1561.376099 -2993.187744
-3370.939697 -4450.962891 -2957.496094
182.648544 -721.097351 -4832.841309
-3612.920898 -2660.660889 -1568.376587
2557.651855 -2653.689209 -3251.208252
-1166.953491 -2923.381592 944.396057
-2748.937500 1966.283691 -3500.830566
4711.943359 -58.466656 3128.159424
-1586.657104 1965.312744 -5548.042480
